version 15
timestamp 4671405404
cpu0 0 0 0 0 0 0 729346897676 24669794394 10837554
domain0 00000000,00000000,00000000,00000000,00000055 0 0 0 0 0 0 0 0 0 0 0 0 0 0 0 0 0 0 0 0 0 0 0 0 0 0 0 0 0 0 0 0 0 0 0 0
domain1 00000000,00000000,00000000,00000000,000000ff 0 0 0 0 0 0 0 0 0 0 0 0 0 0 0 0 0 0 0 0 0 0 0 0 0 0 0 0 0 0 0 0 0 0 0 0
domain2 00000000,00000000,00000000,0000ffff,ffffffff 0 0 0 0 0 0 0 0 0 0 0 0 0 0 0 0 0 0 0 0 0 0 0 0 0 0 0 0 0 0 0 0 0 0 0 0
domain3 00000000,000000ff,ffffffff,ffffffff,ffffffff 0 0 0 0 0 0 0 0 0 0 0 0 0 0 0 0 0 0 0 0 0 0 0 0 0 0 0 0 0 0 0 0 0 0 0 0
cpu1 0 0 0 0 0 0 2909486983252 27509209250 46764657
domain0 00000000,00000000,00000000,00000000,000000aa 0 0 0 0 0 0 0 0 0 0 0 0 0 0 0 0 0 0 0 0 0 0 0 0 0 0 0 0 0 0 0 0 0 0 0 0
domain1 00000000,00000000,00000000,00000000,000000ff 0 0 0 0 0 0 0 0 0 0 0 0 0 0 0 0 0 0 0 0 0 0 0 0 0 0 0 0 0 0 0 0 0 0 0 0
domain2 00000000,00000000,00000000,0000ffff,ffffffff 0 0 0 0 0 0 0 0 0 0 0 0 0 0 0 0 0 0 0 0 0 0 0 0 0 0 0 0 0 0 0 0 0 0 0 0
domain3 00000000,000000ff,ffffffff,ffffffff,ffffffff 0 0 0 0 0 0 0 0 0 0 0 0 0 0 0 0 0 0 0 0 0 0 0 0 0 0 0 0 0 0 0 0 0 0 0 0
cpu2 0 0 0 0 0 0 539420722822 21592653670 5026832
domain0 00000000,00000000,00000000,00000000,00000055 0 0 0 0 0 0 0 0 0 0 0 0 0 0 0 0 0 0 0 0 0 0 0 0 0 0 0 0 0 0 0 0 0 0 0 0
domain1 00000000,00000000,00000000,00000000,000000ff 0 0 0 0 0 0 0 0 0 0 0 0 0 0 0 0 0 0 0 0 0 0 0 0 0 0 0 0 0 0 0 0 0 0 0 0
domain2 00000000,00000000,00000000,0000ffff,ffffffff 0 0 0 0 0 0 0 0 0 0 0 0 0 0 0 0 0 0 0 0 0 0 0 0 0 0 0 0 0 0 0 0 0 0 0 0
domain3 00000000,000000ff,ffffffff,ffffffff,ffffffff 0 0 0 0 0 0 0 0 0 0 0 0 0 0 0 0 0 0 0 0 0 0 0 0 0 0 0 0 0 0 0 0 0 0 0 0
cpu3 0 0 0 0 0 0 458174071200 21617047262 3018223
domain0 00000000,00000000,00000000,00000000,000000aa 0 0 0 0 0 0 0 0 0 0 0 0 0 0 0 0 0 0 0 0 0 0 0 0 0 0 0 0 0 0 0 0 0 0 0 0
domain1 00000000,00000000,00000000,00000000,000000ff 0 0 0 0 0 0 0 0 0 0 0 0 0 0 0 0 0 0 0 0 0 0 0 0 0 0 0 0 0 0 0 0 0 0 0 0
domain2 00000000,00000000,00000000,0000ffff,ffffffff 0 0 0 0 0 0 0 0 0 0 0 0 0 0 0 0 0 0 0 0 0 0 0 0 0 0 0 0 0 0 0 0 0 0 0 0
domain3 00000000,000000ff,ffffffff,ffffffff,ffffffff 0 0 0 0 0 0 0 0 0 0 0 0 0 0 0 0 0 0 0 0 0 0 0 0 0 0 0 0 0 0 0 0 0 0 0 0
cpu4 0 0 0 0 0 0 398380469538 17313590066 2242029
domain0 00000000,00000000,00000000,00000000,00000055 0 0 0 0 0 0 0 0 0 0 0 0 0 0 0 0 0 0 0 0 0 0 0 0 0 0 0 0 0 0 0 0 0 0 0 0
domain1 00000000,00000000,00000000,00000000,000000ff 0 0 0 0 0 0 0 0 0 0 0 0 0 0 0 0 0 0 0 0 0 0 0 0 0 0 0 0 0 0 0 0 0 0 0 0
domain2 00000000,00000000,00000000,0000ffff,ffffffff 0 0 0 0 0 0 0 0 0 0 0 0 0 0 0 0 0 0 0 0 0 0 0 0 0 0 0 0 0 0 0 0 0 0 0 0
domain3 00000000,000000ff,ffffffff,ffffffff,ffffffff 0 0 0 0 0 0 0 0 0 0 0 0 0 0 0 0 0 0 0 0 0 0 0 0 0 0 0 0 0 0 0 0 0 0 0 0
cpu5 0 0 0 0 0 0 468015599354 19181684310 3506003
domain0 00000000,00000000,00000000,00000000,000000aa 0 0 0 0 0 0 0 0 0 0 0 0 0 0 0 0 0 0 0 0 0 0 0 0 0 0 0 0 0 0 0 0 0 0 0 0
domain1 00000000,00000000,00000000,00000000,000000ff 0 0 0 0 0 0 0 0 0 0 0 0 0 0 0 0 0 0 0 0 0 0 0 0 0 0 0 0 0 0 0 0 0 0 0 0
domain2 00000000,00000000,00000000,0000ffff,ffffffff 0 0 0 0 0 0 0 0 0 0 0 0 0 0 0 0 0 0 0 0 0 0 0 0 0 0 0 0 0 0 0 0 0 0 0 0
domain3 00000000,000000ff,ffffffff,ffffffff,ffffffff 0 0 0 0 0 0 0 0 0 0 0 0 0 0 0 0 0 0 0 0 0 0 0 0 0 0 0 0 0 0 0 0 0 0 0 0
cpu6 0 0 0 0 0 0 376550194686 17429546148 1731826
domain0 00000000,00000000,00000000,00000000,00000055 0 0 0 0 0 0 0 0 0 0 0 0 0 0 0 0 0 0 0 0 0 0 0 0 0 0 0 0 0 0 0 0 0 0 0 0
domain1 00000000,00000000,00000000,00000000,000000ff 0 0 0 0 0 0 0 0 0 0 0 0 0 0 0 0 0 0 0 0 0 0 0 0 0 0 0 0 0 0 0 0 0 0 0 0
domain2 00000000,00000000,00000000,0000ffff,ffffffff 0 0 0 0 0 0 0 0 0 0 0 0 0 0 0 0 0 0 0 0 0 0 0 0 0 0 0 0 0 0 0 0 0 0 0 0
domain3 00000000,000000ff,ffffffff,ffffffff,ffffffff 0 0 0 0 0 0 0 0 0 0 0 0 0 0 0 0 0 0 0 0 0 0 0 0 0 0 0 0 0 0 0 0 0 0 0 0
cpu7 0 0 0 0 0 0 433429388138 14543818402 2456139
domain0 00000000,00000000,00000000,00000000,000000aa 0 0 0 0 0 0 0 0 0 0 0 0 0 0 0 0 0 0 0 0 0 0 0 0 0 0 0 0 0 0 0 0 0 0 0 0
domain1 00000000,00000000,00000000,00000000,000000ff 0 0 0 0 0 0 0 0 0 0 0 0 0 0 0 0 0 0 0 0 0 0 0 0 0 0 0 0 0 0 0 0 0 0 0 0
domain2 00000000,00000000,00000000,0000ffff,ffffffff 0 0 0 0 0 0 0 0 0 0 0 0 0 0 0 0 0 0 0 0 0 0 0 0 0 0 0 0 0 0 0 0 0 0 0 0
domain3 00000000,000000ff,ffffffff,ffffffff,ffffffff 0 0 0 0 0 0 0 0 0 0 0 0 0 0 0 0 0 0 0 0 0 0 0 0 0 0 0 0 0 0 0 0 0 0 0 0
cpu8 0 0 0 0 0 0 412795320144 28320638544 2679475
domain0 00000000,00000000,00000000,00000000,00005500 0 0 0 0 0 0 0 0 0 0 0 0 0 0 0 0 0 0 0 0 0 0 0 0 0 0 0 0 0 0 0 0 0 0 0 0
domain1 00000000,00000000,00000000,00000000,0000ff00 0 0 0 0 0 0 0 0 0 0 0 0 0 0 0 0 0 0 0 0 0 0 0 0 0 0 0 0 0 0 0 0 0 0 0 0
domain2 00000000,00000000,00000000,0000ffff,ffffffff 0 0 0 0 0 0 0 0 0 0 0 0 0 0 0 0 0 0 0 0 0 0 0 0 0 0 0 0 0 0 0 0 0 0 0 0
domain3 00000000,000000ff,ffffffff,ffffffff,ffffffff 0 0 0 0 0 0 0 0 0 0 0 0 0 0 0 0 0 0 0 0 0 0 0 0 0 0 0 0 0 0 0 0 0 0 0 0
cpu9 0 0 0 0 0 0 423635834438 25444053572 2994689
domain0 00000000,00000000,00000000,00000000,0000aa00 0 0 0 0 0 0 0 0 0 0 0 0 0 0 0 0 0 0 0 0 0 0 0 0 0 0 0 0 0 0 0 0 0 0 0 0
domain1 00000000,00000000,00000000,00000000,0000ff00 0 0 0 0 0 0 0 0 0 0 0 0 0 0 0 0 0 0 0 0 0 0 0 0 0 0 0 0 0 0 0 0 0 0 0 0
domain2 00000000,00000000,00000000,0000ffff,ffffffff 0 0 0 0 0 0 0 0 0 0 0 0 0 0 0 0 0 0 0 0 0 0 0 0 0 0 0 0 0 0 0 0 0 0 0 0
domain3 00000000,000000ff,ffffffff,ffffffff,ffffffff 0 0 0 0 0 0 0 0 0 0 0 0 0 0 0 0 0 0 0 0 0 0 0 0 0 0 0 0 0 0 0 0 0 0 0 0
cpu10 0 0 0 0 0 0 420428089658 21674242394 2362051
domain0 00000000,00000000,00000000,00000000,00005500 0 0 0 0 0 0 0 0 0 0 0 0 0 0 0 0 0 0 0 0 0 0 0 0 0 0 0 0 0 0 0 0 0 0 0 0
domain1 00000000,00000000,00000000,00000000,0000ff00 0 0 0 0 0 0 0 0 0 0 0 0 0 0 0 0 0 0 0 0 0 0 0 0 0 0 0 0 0 0 0 0 0 0 0 0
domain2 00000000,00000000,00000000,0000ffff,ffffffff 0 0 0 0 0 0 0 0 0 0 0 0 0 0 0 0 0 0 0 0 0 0 0 0 0 0 0 0 0 0 0 0 0 0 0 0
domain3 00000000,000000ff,ffffffff,ffffffff,ffffffff 0 0 0 0 0 0 0 0 0 0 0 0 0 0 0 0 0 0 0 0 0 0 0 0 0 0 0 0 0 0 0 0 0 0 0 0
cpu11 0 0 0 0 0 0 442979856022 20016585184 5831299
domain0 00000000,00000000,00000000,00000000,0000aa00 0 0 0 0 0 0 0 0 0 0 0 0 0 0 0 0 0 0 0 0 0 0 0 0 0 0 0 0 0 0 0 0 0 0 0 0
domain1 00000000,00000000,00000000,00000000,0000ff00 0 0 0 0 0 0 0 0 0 0 0 0 0 0 0 0 0 0 0 0 0 0 0 0 0 0 0 0 0 0 0 0 0 0 0 0
domain2 00000000,00000000,00000000,0000ffff,ffffffff 0 0 0 0 0 0 0 0 0 0 0 0 0 0 0 0 0 0 0 0 0 0 0 0 0 0 0 0 0 0 0 0 0 0 0 0
domain3 00000000,000000ff,ffffffff,ffffffff,ffffffff 0 0 0 0 0 0 0 0 0 0 0 0 0 0 0 0 0 0 0 0 0 0 0 0 0 0 0 0 0 0 0 0 0 0 0 0
cpu12 0 0 0 0 0 0 585647758820 17935628288 2929697
domain0 00000000,00000000,00000000,00000000,00005500 0 0 0 0 0 0 0 0 0 0 0 0 0 0 0 0 0 0 0 0 0 0 0 0 0 0 0 0 0 0 0 0 0 0 0 0
domain1 00000000,00000000,00000000,00000000,0000ff00 0 0 0 0 0 0 0 0 0 0 0 0 0 0 0 0 0 0 0 0 0 0 0 0 0 0 0 0 0 0 0 0 0 0 0 0
domain2 00000000,00000000,00000000,0000ffff,ffffffff 0 0 0 0 0 0 0 0 0 0 0 0 0 0 0 0 0 0 0 0 0 0 0 0 0 0 0 0 0 0 0 0 0 0 0 0
domain3 00000000,000000ff,ffffffff,ffffffff,ffffffff 0 0 0 0 0 0 0 0 0 0 0 0 0 0 0 0 0 0 0 0 0 0 0 0 0 0 0 0 0 0 0 0 0 0 0 0
cpu13 0 0 0 0 0 0 405387900320 18537066948 2302028
domain0 00000000,00000000,00000000,00000000,0000aa00 0 0 0 0 0 0 0 0 0 0 0 0 0 0 0 0 0 0 0 0 0 0 0 0 0 0 0 0 0 0 0 0 0 0 0 0
domain1 00000000,00000000,00000000,00000000,0000ff00 0 0 0 0 0 0 0 0 0 0 0 0 0 0 0 0 0 0 0 0 0 0 0 0 0 0 0 0 0 0 0 0 0 0 0 0
domain2 00000000,00000000,00000000,0000ffff,ffffffff 0 0 0 0 0 0 0 0 0 0 0 0 0 0 0 0 0 0 0 0 0 0 0 0 0 0 0 0 0 0 0 0 0 0 0 0
domain3 00000000,000000ff,ffffffff,ffffffff,ffffffff 0 0 0 0 0 0 0 0 0 0 0 0 0 0 0 0 0 0 0 0 0 0 0 0 0 0 0 0 0 0 0 0 0 0 0 0
cpu14 0 0 0 0 0 0 473423957900 18487189966 1859646
domain0 00000000,00000000,00000000,00000000,00005500 0 0 0 0 0 0 0 0 0 0 0 0 0 0 0 0 0 0 0 0 0 0 0 0 0 0 0 0 0 0 0 0 0 0 0 0
domain1 00000000,00000000,00000000,00000000,0000ff00 0 0 0 0 0 0 0 0 0 0 0 0 0 0 0 0 0 0 0 0 0 0 0 0 0 0 0 0 0 0 0 0 0 0 0 0
domain2 00000000,00000000,00000000,0000ffff,ffffffff 0 0 0 0 0 0 0 0 0 0 0 0 0 0 0 0 0 0 0 0 0 0 0 0 0 0 0 0 0 0 0 0 0 0 0 0
domain3 00000000,000000ff,ffffffff,ffffffff,ffffffff 0 0 0 0 0 0 0 0 0 0 0 0 0 0 0 0 0 0 0 0 0 0 0 0 0 0 0 0 0 0 0 0 0 0 0 0
cpu15 0 0 0 0 0 0 358265833314 22275461894 1714089
domain0 00000000,00000000,00000000,00000000,0000aa00 0 0 0 0 0 0 0 0 0 0 0 0 0 0 0 0 0 0 0 0 0 0 0 0 0 0 0 0 0 0 0 0 0 0 0 0
domain1 00000000,00000000,00000000,00000000,0000ff00 0 0 0 0 0 0 0 0 0 0 0 0 0 0 0 0 0 0 0 0 0 0 0 0 0 0 0 0 0 0 0 0 0 0 0 0
domain2 00000000,00000000,00000000,0000ffff,ffffffff 0 0 0 0 0 0 0 0 0 0 0 0 0 0 0 0 0 0 0 0 0 0 0 0 0 0 0 0 0 0 0 0 0 0 0 0
domain3 00000000,000000ff,ffffffff,ffffffff,ffffffff 0 0 0 0 0 0 0 0 0 0 0 0 0 0 0 0 0 0 0 0 0 0 0 0 0 0 0 0 0 0 0 0 0 0 0 0
cpu16 0 0 0 0 0 0 451908910486 27732399748 1883874
domain0 00000000,00000000,00000000,00000000,00550000 0 0 0 0 0 0 0 0 0 0 0 0 0 0 0 0 0 0 0 0 0 0 0 0 0 0 0 0 0 0 0 0 0 0 0 0
domain1 00000000,00000000,00000000,00000000,00ff0000 0 0 0 0 0 0 0 0 0 0 0 0 0 0 0 0 0 0 0 0 0 0 0 0 0 0 0 0 0 0 0 0 0 0 0 0
domain2 00000000,00000000,00000000,0000ffff,ffffffff 0 0 0 0 0 0 0 0 0 0 0 0 0 0 0 0 0 0 0 0 0 0 0 0 0 0 0 0 0 0 0 0 0 0 0 0
domain3 00000000,000000ff,ffffffff,ffffffff,ffffffff 0 0 0 0 0 0 0 0 0 0 0 0 0 0 0 0 0 0 0 0 0 0 0 0 0 0 0 0 0 0 0 0 0 0 0 0
cpu17 0 0 0 0 0 0 402613167528 27321610328 2287887
domain0 00000000,00000000,00000000,00000000,00aa0000 0 0 0 0 0 0 0 0 0 0 0 0 0 0 0 0 0 0 0 0 0 0 0 0 0 0 0 0 0 0 0 0 0 0 0 0
domain1 00000000,00000000,00000000,00000000,00ff0000 0 0 0 0 0 0 0 0 0 0 0 0 0 0 0 0 0 0 0 0 0 0 0 0 0 0 0 0 0 0 0 0 0 0 0 0
domain2 00000000,00000000,00000000,0000ffff,ffffffff 0 0 0 0 0 0 0 0 0 0 0 0 0 0 0 0 0 0 0 0 0 0 0 0 0 0 0 0 0 0 0 0 0 0 0 0
domain3 00000000,000000ff,ffffffff,ffffffff,ffffffff 0 0 0 0 0 0 0 0 0 0 0 0 0 0 0 0 0 0 0 0 0 0 0 0 0 0 0 0 0 0 0 0 0 0 0 0
cpu18 0 0 0 0 0 0 422057598006 21325657864 2368897
domain0 00000000,00000000,00000000,00000000,00550000 0 0 0 0 0 0 0 0 0 0 0 0 0 0 0 0 0 0 0 0 0 0 0 0 0 0 0 0 0 0 0 0 0 0 0 0
domain1 00000000,00000000,00000000,00000000,00ff0000 0 0 0 0 0 0 0 0 0 0 0 0 0 0 0 0 0 0 0 0 0 0 0 0 0 0 0 0 0 0 0 0 0 0 0 0
domain2 00000000,00000000,00000000,0000ffff,ffffffff 0 0 0 0 0 0 0 0 0 0 0 0 0 0 0 0 0 0 0 0 0 0 0 0 0 0 0 0 0 0 0 0 0 0 0 0
domain3 00000000,000000ff,ffffffff,ffffffff,ffffffff 0 0 0 0 0 0 0 0 0 0 0 0 0 0 0 0 0 0 0 0 0 0 0 0 0 0 0 0 0 0 0 0 0 0 0 0
cpu19 0 0 0 0 0 0 380967995346 22398855966 2129233
domain0 00000000,00000000,00000000,00000000,00aa0000 0 0 0 0 0 0 0 0 0 0 0 0 0 0 0 0 0 0 0 0 0 0 0 0 0 0 0 0 0 0 0 0 0 0 0 0
domain1 00000000,00000000,00000000,00000000,00ff0000 0 0 0 0 0 0 0 0 0 0 0 0 0 0 0 0 0 0 0 0 0 0 0 0 0 0 0 0 0 0 0 0 0 0 0 0
domain2 00000000,00000000,00000000,0000ffff,ffffffff 0 0 0 0 0 0 0 0 0 0 0 0 0 0 0 0 0 0 0 0 0 0 0 0 0 0 0 0 0 0 0 0 0 0 0 0
domain3 00000000,000000ff,ffffffff,ffffffff,ffffffff 0 0 0 0 0 0 0 0 0 0 0 0 0 0 0 0 0 0 0 0 0 0 0 0 0 0 0 0 0 0 0 0 0 0 0 0
cpu20 0 0 0 0 0 0 366318599978 23304888706 1382756
domain0 00000000,00000000,00000000,00000000,00550000 0 0 0 0 0 0 0 0 0 0 0 0 0 0 0 0 0 0 0 0 0 0 0 0 0 0 0 0 0 0 0 0 0 0 0 0
domain1 00000000,00000000,00000000,00000000,00ff0000 0 0 0 0 0 0 0 0 0 0 0 0 0 0 0 0 0 0 0 0 0 0 0 0 0 0 0 0 0 0 0 0 0 0 0 0
domain2 00000000,00000000,00000000,0000ffff,ffffffff 0 0 0 0 0 0 0 0 0 0 0 0 0 0 0 0 0 0 0 0 0 0 0 0 0 0 0 0 0 0 0 0 0 0 0 0
domain3 00000000,000000ff,ffffffff,ffffffff,ffffffff 0 0 0 0 0 0 0 0 0 0 0 0 0 0 0 0 0 0 0 0 0 0 0 0 0 0 0 0 0 0 0 0 0 0 0 0
cpu21 0 0 0 0 0 0 377212557026 20451380158 1914587
domain0 00000000,00000000,00000000,00000000,00aa0000 0 0 0 0 0 0 0 0 0 0 0 0 0 0 0 0 0 0 0 0 0 0 0 0 0 0 0 0 0 0 0 0 0 0 0 0
domain1 00000000,00000000,00000000,00000000,00ff0000 0 0 0 0 0 0 0 0 0 0 0 0 0 0 0 0 0 0 0 0 0 0 0 0 0 0 0 0 0 0 0 0 0 0 0 0
domain2 00000000,00000000,00000000,0000ffff,ffffffff 0 0 0 0 0 0 0 0 0 0 0 0 0 0 0 0 0 0 0 0 0 0 0 0 0 0 0 0 0 0 0 0 0 0 0 0
domain3 00000000,000000ff,ffffffff,ffffffff,ffffffff 0 0 0 0 0 0 0 0 0 0 0 0 0 0 0 0 0 0 0 0 0 0 0 0 0 0 0 0 0 0 0 0 0 0 0 0
cpu22 0 0 0 0 0 0 358326282850 19803653070 1359677
domain0 00000000,00000000,00000000,00000000,00550000 0 0 0 0 0 0 0 0 0 0 0 0 0 0 0 0 0 0 0 0 0 0 0 0 0 0 0 0 0 0 0 0 0 0 0 0
domain1 00000000,00000000,00000000,00000000,00ff0000 0 0 0 0 0 0 0 0 0 0 0 0 0 0 0 0 0 0 0 0 0 0 0 0 0 0 0 0 0 0 0 0 0 0 0 0
domain2 00000000,00000000,00000000,0000ffff,ffffffff 0 0 0 0 0 0 0 0 0 0 0 0 0 0 0 0 0 0 0 0 0 0 0 0 0 0 0 0 0 0 0 0 0 0 0 0
domain3 00000000,000000ff,ffffffff,ffffffff,ffffffff 0 0 0 0 0 0 0 0 0 0 0 0 0 0 0 0 0 0 0 0 0 0 0 0 0 0 0 0 0 0 0 0 0 0 0 0
cpu23 0 0 0 0 0 0 352052307308 17005643030 1269555
domain0 00000000,00000000,00000000,00000000,00aa0000 0 0 0 0 0 0 0 0 0 0 0 0 0 0 0 0 0 0 0 0 0 0 0 0 0 0 0 0 0 0 0 0 0 0 0 0
domain1 00000000,00000000,00000000,00000000,00ff0000 0 0 0 0 0 0 0 0 0 0 0 0 0 0 0 0 0 0 0 0 0 0 0 0 0 0 0 0 0 0 0 0 0 0 0 0
domain2 00000000,00000000,00000000,0000ffff,ffffffff 0 0 0 0 0 0 0 0 0 0 0 0 0 0 0 0 0 0 0 0 0 0 0 0 0 0 0 0 0 0 0 0 0 0 0 0
domain3 00000000,000000ff,ffffffff,ffffffff,ffffffff 0 0 0 0 0 0 0 0 0 0 0 0 0 0 0 0 0 0 0 0 0 0 0 0 0 0 0 0 0 0 0 0 0 0 0 0
cpu24 0 0 0 0 0 0 482095195712 30994836428 4829277
domain0 00000000,00000000,00000000,00000000,55000000 0 0 0 0 0 0 0 0 0 0 0 0 0 0 0 0 0 0 0 0 0 0 0 0 0 0 0 0 0 0 0 0 0 0 0 0
domain1 00000000,00000000,00000000,00000000,ff000000 0 0 0 0 0 0 0 0 0 0 0 0 0 0 0 0 0 0 0 0 0 0 0 0 0 0 0 0 0 0 0 0 0 0 0 0
domain2 00000000,00000000,00000000,0000ffff,ffffffff 0 0 0 0 0 0 0 0 0 0 0 0 0 0 0 0 0 0 0 0 0 0 0 0 0 0 0 0 0 0 0 0 0 0 0 0
domain3 00000000,000000ff,ffffffff,ffffffff,ffffffff 0 0 0 0 0 0 0 0 0 0 0 0 0 0 0 0 0 0 0 0 0 0 0 0 0 0 0 0 0 0 0 0 0 0 0 0
cpu25 0 0 0 0 0 0 513239764500 25660657886 6261033
domain0 00000000,00000000,00000000,00000000,aa000000 0 0 0 0 0 0 0 0 0 0 0 0 0 0 0 0 0 0 0 0 0 0 0 0 0 0 0 0 0 0 0 0 0 0 0 0
domain1 00000000,00000000,00000000,00000000,ff000000 0 0 0 0 0 0 0 0 0 0 0 0 0 0 0 0 0 0 0 0 0 0 0 0 0 0 0 0 0 0 0 0 0 0 0 0
domain2 00000000,00000000,00000000,0000ffff,ffffffff 0 0 0 0 0 0 0 0 0 0 0 0 0 0 0 0 0 0 0 0 0 0 0 0 0 0 0 0 0 0 0 0 0 0 0 0
domain3 00000000,000000ff,ffffffff,ffffffff,ffffffff 0 0 0 0 0 0 0 0 0 0 0 0 0 0 0 0 0 0 0 0 0 0 0 0 0 0 0 0 0 0 0 0 0 0 0 0
cpu26 0 0 0 0 0 0 522692302132 23879070128 6405560
domain0 00000000,00000000,00000000,00000000,55000000 0 0 0 0 0 0 0 0 0 0 0 0 0 0 0 0 0 0 0 0 0 0 0 0 0 0 0 0 0 0 0 0 0 0 0 0
domain1 00000000,00000000,00000000,00000000,ff000000 0 0 0 0 0 0 0 0 0 0 0 0 0 0 0 0 0 0 0 0 0 0 0 0 0 0 0 0 0 0 0 0 0 0 0 0
domain2 00000000,00000000,00000000,0000ffff,ffffffff 0 0 0 0 0 0 0 0 0 0 0 0 0 0 0 0 0 0 0 0 0 0 0 0 0 0 0 0 0 0 0 0 0 0 0 0
domain3 00000000,000000ff,ffffffff,ffffffff,ffffffff 0 0 0 0 0 0 0 0 0 0 0 0 0 0 0 0 0 0 0 0 0 0 0 0 0 0 0 0 0 0 0 0 0 0 0 0
cpu27 0 0 0 0 0 0 448614273098 25033721352 3522414
domain0 00000000,00000000,00000000,00000000,aa000000 0 0 0 0 0 0 0 0 0 0 0 0 0 0 0 0 0 0 0 0 0 0 0 0 0 0 0 0 0 0 0 0 0 0 0 0
domain1 00000000,00000000,00000000,00000000,ff000000 0 0 0 0 0 0 0 0 0 0 0 0 0 0 0 0 0 0 0 0 0 0 0 0 0 0 0 0 0 0 0 0 0 0 0 0
domain2 00000000,00000000,00000000,0000ffff,ffffffff 0 0 0 0 0 0 0 0 0 0 0 0 0 0 0 0 0 0 0 0 0 0 0 0 0 0 0 0 0 0 0 0 0 0 0 0
domain3 00000000,000000ff,ffffffff,ffffffff,ffffffff 0 0 0 0 0 0 0 0 0 0 0 0 0 0 0 0 0 0 0 0 0 0 0 0 0 0 0 0 0 0 0 0 0 0 0 0
cpu28 0 0 0 0 0 0 392164843146 18792091144 3245480
domain0 00000000,00000000,00000000,00000000,55000000 0 0 0 0 0 0 0 0 0 0 0 0 0 0 0 0 0 0 0 0 0 0 0 0 0 0 0 0 0 0 0 0 0 0 0 0
domain1 00000000,00000000,00000000,00000000,ff000000 0 0 0 0 0 0 0 0 0 0 0 0 0 0 0 0 0 0 0 0 0 0 0 0 0 0 0 0 0 0 0 0 0 0 0 0
domain2 00000000,00000000,00000000,0000ffff,ffffffff 0 0 0 0 0 0 0 0 0 0 0 0 0 0 0 0 0 0 0 0 0 0 0 0 0 0 0 0 0 0 0 0 0 0 0 0
domain3 00000000,000000ff,ffffffff,ffffffff,ffffffff 0 0 0 0 0 0 0 0 0 0 0 0 0 0 0 0 0 0 0 0 0 0 0 0 0 0 0 0 0 0 0 0 0 0 0 0
cpu29 0 0 0 0 0 0 393967436482 19508158216 2105757
domain0 00000000,00000000,00000000,00000000,aa000000 0 0 0 0 0 0 0 0 0 0 0 0 0 0 0 0 0 0 0 0 0 0 0 0 0 0 0 0 0 0 0 0 0 0 0 0
domain1 00000000,00000000,00000000,00000000,ff000000 0 0 0 0 0 0 0 0 0 0 0 0 0 0 0 0 0 0 0 0 0 0 0 0 0 0 0 0 0 0 0 0 0 0 0 0
domain2 00000000,00000000,00000000,0000ffff,ffffffff 0 0 0 0 0 0 0 0 0 0 0 0 0 0 0 0 0 0 0 0 0 0 0 0 0 0 0 0 0 0 0 0 0 0 0 0
domain3 00000000,000000ff,ffffffff,ffffffff,ffffffff 0 0 0 0 0 0 0 0 0 0 0 0 0 0 0 0 0 0 0 0 0 0 0 0 0 0 0 0 0 0 0 0 0 0 0 0
cpu30 0 0 0 0 0 0 373450737794 18634317488 1727384
domain0 00000000,00000000,00000000,00000000,55000000 0 0 0 0 0 0 0 0 0 0 0 0 0 0 0 0 0 0 0 0 0 0 0 0 0 0 0 0 0 0 0 0 0 0 0 0
domain1 00000000,00000000,00000000,00000000,ff000000 0 0 0 0 0 0 0 0 0 0 0 0 0 0 0 0 0 0 0 0 0 0 0 0 0 0 0 0 0 0 0 0 0 0 0 0
domain2 00000000,00000000,00000000,0000ffff,ffffffff 0 0 0 0 0 0 0 0 0 0 0 0 0 0 0 0 0 0 0 0 0 0 0 0 0 0 0 0 0 0 0 0 0 0 0 0
domain3 00000000,000000ff,ffffffff,ffffffff,ffffffff 0 0 0 0 0 0 0 0 0 0 0 0 0 0 0 0 0 0 0 0 0 0 0 0 0 0 0 0 0 0 0 0 0 0 0 0
cpu31 0 0 0 0 0 0 360267680402 21019370986 1441442
domain0 00000000,00000000,00000000,00000000,aa000000 0 0 0 0 0 0 0 0 0 0 0 0 0 0 0 0 0 0 0 0 0 0 0 0 0 0 0 0 0 0 0 0 0 0 0 0
domain1 00000000,00000000,00000000,00000000,ff000000 0 0 0 0 0 0 0 0 0 0 0 0 0 0 0 0 0 0 0 0 0 0 0 0 0 0 0 0 0 0 0 0 0 0 0 0
domain2 00000000,00000000,00000000,0000ffff,ffffffff 0 0 0 0 0 0 0 0 0 0 0 0 0 0 0 0 0 0 0 0 0 0 0 0 0 0 0 0 0 0 0 0 0 0 0 0
domain3 00000000,000000ff,ffffffff,ffffffff,ffffffff 0 0 0 0 0 0 0 0 0 0 0 0 0 0 0 0 0 0 0 0 0 0 0 0 0 0 0 0 0 0 0 0 0 0 0 0
cpu32 0 0 0 0 0 0 450216840080 30648136440 2833529
domain0 00000000,00000000,00000000,00000055,00000000 0 0 0 0 0 0 0 0 0 0 0 0 0 0 0 0 0 0 0 0 0 0 0 0 0 0 0 0 0 0 0 0 0 0 0 0
domain1 00000000,00000000,00000000,000000ff,00000000 0 0 0 0 0 0 0 0 0 0 0 0 0 0 0 0 0 0 0 0 0 0 0 0 0 0 0 0 0 0 0 0 0 0 0 0
domain2 00000000,00000000,00000000,0000ffff,ffffffff 0 0 0 0 0 0 0 0 0 0 0 0 0 0 0 0 0 0 0 0 0 0 0 0 0 0 0 0 0 0 0 0 0 0 0 0
domain3 00000000,000000ff,ffffffff,ffffffff,ffffffff 0 0 0 0 0 0 0 0 0 0 0 0 0 0 0 0 0 0 0 0 0 0 0 0 0 0 0 0 0 0 0 0 0 0 0 0
cpu33 0 0 0 0 0 0 430233076774 27226100526 2599892
domain0 00000000,00000000,00000000,000000aa,00000000 0 0 0 0 0 0 0 0 0 0 0 0 0 0 0 0 0 0 0 0 0 0 0 0 0 0 0 0 0 0 0 0 0 0 0 0
domain1 00000000,00000000,00000000,000000ff,00000000 0 0 0 0 0 0 0 0 0 0 0 0 0 0 0 0 0 0 0 0 0 0 0 0 0 0 0 0 0 0 0 0 0 0 0 0
domain2 00000000,00000000,00000000,0000ffff,ffffffff 0 0 0 0 0 0 0 0 0 0 0 0 0 0 0 0 0 0 0 0 0 0 0 0 0 0 0 0 0 0 0 0 0 0 0 0
domain3 00000000,000000ff,ffffffff,ffffffff,ffffffff 0 0 0 0 0 0 0 0 0 0 0 0 0 0 0 0 0 0 0 0 0 0 0 0 0 0 0 0 0 0 0 0 0 0 0 0
cpu34 0 0 0 0 0 0 457710899500 23585605924 2418996
domain0 00000000,00000000,00000000,00000055,00000000 0 0 0 0 0 0 0 0 0 0 0 0 0 0 0 0 0 0 0 0 0 0 0 0 0 0 0 0 0 0 0 0 0 0 0 0
domain1 00000000,00000000,00000000,000000ff,00000000 0 0 0 0 0 0 0 0 0 0 0 0 0 0 0 0 0 0 0 0 0 0 0 0 0 0 0 0 0 0 0 0 0 0 0 0
domain2 00000000,00000000,00000000,0000ffff,ffffffff 0 0 0 0 0 0 0 0 0 0 0 0 0 0 0 0 0 0 0 0 0 0 0 0 0 0 0 0 0 0 0 0 0 0 0 0
domain3 00000000,000000ff,ffffffff,ffffffff,ffffffff 0 0 0 0 0 0 0 0 0 0 0 0 0 0 0 0 0 0 0 0 0 0 0 0 0 0 0 0 0 0 0 0 0 0 0 0
cpu35 0 0 0 0 0 0 422484448646 23425778546 2282169
domain0 00000000,00000000,00000000,000000aa,00000000 0 0 0 0 0 0 0 0 0 0 0 0 0 0 0 0 0 0 0 0 0 0 0 0 0 0 0 0 0 0 0 0 0 0 0 0
domain1 00000000,00000000,00000000,000000ff,00000000 0 0 0 0 0 0 0 0 0 0 0 0 0 0 0 0 0 0 0 0 0 0 0 0 0 0 0 0 0 0 0 0 0 0 0 0
domain2 00000000,00000000,00000000,0000ffff,ffffffff 0 0 0 0 0 0 0 0 0 0 0 0 0 0 0 0 0 0 0 0 0 0 0 0 0 0 0 0 0 0 0 0 0 0 0 0
domain3 00000000,000000ff,ffffffff,ffffffff,ffffffff 0 0 0 0 0 0 0 0 0 0 0 0 0 0 0 0 0 0 0 0 0 0 0 0 0 0 0 0 0 0 0 0 0 0 0 0
cpu36 0 0 0 0 0 0 434848845388 19284508196 2132924
domain0 00000000,00000000,00000000,00000055,00000000 0 0 0 0 0 0 0 0 0 0 0 0 0 0 0 0 0 0 0 0 0 0 0 0 0 0 0 0 0 0 0 0 0 0 0 0
domain1 00000000,00000000,00000000,000000ff,00000000 0 0 0 0 0 0 0 0 0 0 0 0 0 0 0 0 0 0 0 0 0 0 0 0 0 0 0 0 0 0 0 0 0 0 0 0
domain2 00000000,00000000,00000000,0000ffff,ffffffff 0 0 0 0 0 0 0 0 0 0 0 0 0 0 0 0 0 0 0 0 0 0 0 0 0 0 0 0 0 0 0 0 0 0 0 0
domain3 00000000,000000ff,ffffffff,ffffffff,ffffffff 0 0 0 0 0 0 0 0 0 0 0 0 0 0 0 0 0 0 0 0 0 0 0 0 0 0 0 0 0 0 0 0 0 0 0 0
cpu37 0 0 0 0 0 0 430968691438 21703976384 2369823
domain0 00000000,00000000,00000000,000000aa,00000000 0 0 0 0 0 0 0 0 0 0 0 0 0 0 0 0 0 0 0 0 0 0 0 0 0 0 0 0 0 0 0 0 0 0 0 0
domain1 00000000,00000000,00000000,000000ff,00000000 0 0 0 0 0 0 0 0 0 0 0 0 0 0 0 0 0 0 0 0 0 0 0 0 0 0 0 0 0 0 0 0 0 0 0 0
domain2 00000000,00000000,00000000,0000ffff,ffffffff 0 0 0 0 0 0 0 0 0 0 0 0 0 0 0 0 0 0 0 0 0 0 0 0 0 0 0 0 0 0 0 0 0 0 0 0
domain3 00000000,000000ff,ffffffff,ffffffff,ffffffff 0 0 0 0 0 0 0 0 0 0 0 0 0 0 0 0 0 0 0 0 0 0 0 0 0 0 0 0 0 0 0 0 0 0 0 0
cpu38 0 0 0 0 0 0 386516536574 20372004322 1842241
domain0 00000000,00000000,00000000,00000055,00000000 0 0 0 0 0 0 0 0 0 0 0 0 0 0 0 0 0 0 0 0 0 0 0 0 0 0 0 0 0 0 0 0 0 0 0 0
domain1 00000000,00000000,00000000,000000ff,00000000 0 0 0 0 0 0 0 0 0 0 0 0 0 0 0 0 0 0 0 0 0 0 0 0 0 0 0 0 0 0 0 0 0 0 0 0
domain2 00000000,00000000,00000000,0000ffff,ffffffff 0 0 0 0 0 0 0 0 0 0 0 0 0 0 0 0 0 0 0 0 0 0 0 0 0 0 0 0 0 0 0 0 0 0 0 0
domain3 00000000,000000ff,ffffffff,ffffffff,ffffffff 0 0 0 0 0 0 0 0 0 0 0 0 0 0 0 0 0 0 0 0 0 0 0 0 0 0 0 0 0 0 0 0 0 0 0 0
cpu39 0 0 0 0 0 0 423214240704 21473039710 5263293
domain0 00000000,00000000,00000000,000000aa,00000000 0 0 0 0 0 0 0 0 0 0 0 0 0 0 0 0 0 0 0 0 0 0 0 0 0 0 0 0 0 0 0 0 0 0 0 0
domain1 00000000,00000000,00000000,000000ff,00000000 0 0 0 0 0 0 0 0 0 0 0 0 0 0 0 0 0 0 0 0 0 0 0 0 0 0 0 0 0 0 0 0 0 0 0 0
domain2 00000000,00000000,00000000,0000ffff,ffffffff 0 0 0 0 0 0 0 0 0 0 0 0 0 0 0 0 0 0 0 0 0 0 0 0 0 0 0 0 0 0 0 0 0 0 0 0
domain3 00000000,000000ff,ffffffff,ffffffff,ffffffff 0 0 0 0 0 0 0 0 0 0 0 0 0 0 0 0 0 0 0 0 0 0 0 0 0 0 0 0 0 0 0 0 0 0 0 0
cpu40 0 0 0 0 0 0 384098136190 32990319654 1315115
domain0 00000000,00000000,00000000,00005500,00000000 0 0 0 0 0 0 0 0 0 0 0 0 0 0 0 0 0 0 0 0 0 0 0 0 0 0 0 0 0 0 0 0 0 0 0 0
domain1 00000000,00000000,00000000,0000ff00,00000000 0 0 0 0 0 0 0 0 0 0 0 0 0 0 0 0 0 0 0 0 0 0 0 0 0 0 0 0 0 0 0 0 0 0 0 0
domain2 00000000,00000000,00000000,0000ffff,ffffffff 0 0 0 0 0 0 0 0 0 0 0 0 0 0 0 0 0 0 0 0 0 0 0 0 0 0 0 0 0 0 0 0 0 0 0 0
domain3 00000000,000000ff,ffffffff,ffffffff,ffffffff 0 0 0 0 0 0 0 0 0 0 0 0 0 0 0 0 0 0 0 0 0 0 0 0 0 0 0 0 0 0 0 0 0 0 0 0
cpu41 0 0 0 0 0 0 391099741222 26892475664 1523244
domain0 00000000,00000000,00000000,0000aa00,00000000 0 0 0 0 0 0 0 0 0 0 0 0 0 0 0 0 0 0 0 0 0 0 0 0 0 0 0 0 0 0 0 0 0 0 0 0
domain1 00000000,00000000,00000000,0000ff00,00000000 0 0 0 0 0 0 0 0 0 0 0 0 0 0 0 0 0 0 0 0 0 0 0 0 0 0 0 0 0 0 0 0 0 0 0 0
domain2 00000000,00000000,00000000,0000ffff,ffffffff 0 0 0 0 0 0 0 0 0 0 0 0 0 0 0 0 0 0 0 0 0 0 0 0 0 0 0 0 0 0 0 0 0 0 0 0
domain3 00000000,000000ff,ffffffff,ffffffff,ffffffff 0 0 0 0 0 0 0 0 0 0 0 0 0 0 0 0 0 0 0 0 0 0 0 0 0 0 0 0 0 0 0 0 0 0 0 0
cpu42 0 0 0 0 0 0 418535771502 25386366762 1309022
domain0 00000000,00000000,00000000,00005500,00000000 0 0 0 0 0 0 0 0 0 0 0 0 0 0 0 0 0 0 0 0 0 0 0 0 0 0 0 0 0 0 0 0 0 0 0 0
domain1 00000000,00000000,00000000,0000ff00,00000000 0 0 0 0 0 0 0 0 0 0 0 0 0 0 0 0 0 0 0 0 0 0 0 0 0 0 0 0 0 0 0 0 0 0 0 0
domain2 00000000,00000000,00000000,0000ffff,ffffffff 0 0 0 0 0 0 0 0 0 0 0 0 0 0 0 0 0 0 0 0 0 0 0 0 0 0 0 0 0 0 0 0 0 0 0 0
domain3 00000000,000000ff,ffffffff,ffffffff,ffffffff 0 0 0 0 0 0 0 0 0 0 0 0 0 0 0 0 0 0 0 0 0 0 0 0 0 0 0 0 0 0 0 0 0 0 0 0
cpu43 0 0 0 0 0 0 361989160362 22286607106 1182417
domain0 00000000,00000000,00000000,0000aa00,00000000 0 0 0 0 0 0 0 0 0 0 0 0 0 0 0 0 0 0 0 0 0 0 0 0 0 0 0 0 0 0 0 0 0 0 0 0
domain1 00000000,00000000,00000000,0000ff00,00000000 0 0 0 0 0 0 0 0 0 0 0 0 0 0 0 0 0 0 0 0 0 0 0 0 0 0 0 0 0 0 0 0 0 0 0 0
domain2 00000000,00000000,00000000,0000ffff,ffffffff 0 0 0 0 0 0 0 0 0 0 0 0 0 0 0 0 0 0 0 0 0 0 0 0 0 0 0 0 0 0 0 0 0 0 0 0
domain3 00000000,000000ff,ffffffff,ffffffff,ffffffff 0 0 0 0 0 0 0 0 0 0 0 0 0 0 0 0 0 0 0 0 0 0 0 0 0 0 0 0 0 0 0 0 0 0 0 0
cpu44 0 0 0 0 0 0 378988865950 26419883298 1281455
domain0 00000000,00000000,00000000,00005500,00000000 0 0 0 0 0 0 0 0 0 0 0 0 0 0 0 0 0 0 0 0 0 0 0 0 0 0 0 0 0 0 0 0 0 0 0 0
domain1 00000000,00000000,00000000,0000ff00,00000000 0 0 0 0 0 0 0 0 0 0 0 0 0 0 0 0 0 0 0 0 0 0 0 0 0 0 0 0 0 0 0 0 0 0 0 0
domain2 00000000,00000000,00000000,0000ffff,ffffffff 0 0 0 0 0 0 0 0 0 0 0 0 0 0 0 0 0 0 0 0 0 0 0 0 0 0 0 0 0 0 0 0 0 0 0 0
domain3 00000000,000000ff,ffffffff,ffffffff,ffffffff 0 0 0 0 0 0 0 0 0 0 0 0 0 0 0 0 0 0 0 0 0 0 0 0 0 0 0 0 0 0 0 0 0 0 0 0
cpu45 0 0 0 0 0 0 358820905312 22941420624 1246362
domain0 00000000,00000000,00000000,0000aa00,00000000 0 0 0 0 0 0 0 0 0 0 0 0 0 0 0 0 0 0 0 0 0 0 0 0 0 0 0 0 0 0 0 0 0 0 0 0
domain1 00000000,00000000,00000000,0000ff00,00000000 0 0 0 0 0 0 0 0 0 0 0 0 0 0 0 0 0 0 0 0 0 0 0 0 0 0 0 0 0 0 0 0 0 0 0 0
domain2 00000000,00000000,00000000,0000ffff,ffffffff 0 0 0 0 0 0 0 0 0 0 0 0 0 0 0 0 0 0 0 0 0 0 0 0 0 0 0 0 0 0 0 0 0 0 0 0
domain3 00000000,000000ff,ffffffff,ffffffff,ffffffff 0 0 0 0 0 0 0 0 0 0 0 0 0 0 0 0 0 0 0 0 0 0 0 0 0 0 0 0 0 0 0 0 0 0 0 0
cpu46 0 0 0 0 0 0 369324865970 23376220692 1178069
domain0 00000000,00000000,00000000,00005500,00000000 0 0 0 0 0 0 0 0 0 0 0 0 0 0 0 0 0 0 0 0 0 0 0 0 0 0 0 0 0 0 0 0 0 0 0 0
domain1 00000000,00000000,00000000,0000ff00,00000000 0 0 0 0 0 0 0 0 0 0 0 0 0 0 0 0 0 0 0 0 0 0 0 0 0 0 0 0 0 0 0 0 0 0 0 0
domain2 00000000,00000000,00000000,0000ffff,ffffffff 0 0 0 0 0 0 0 0 0 0 0 0 0 0 0 0 0 0 0 0 0 0 0 0 0 0 0 0 0 0 0 0 0 0 0 0
domain3 00000000,000000ff,ffffffff,ffffffff,ffffffff 0 0 0 0 0 0 0 0 0 0 0 0 0 0 0 0 0 0 0 0 0 0 0 0 0 0 0 0 0 0 0 0 0 0 0 0
cpu47 0 0 0 0 0 0 371177427428 20171044498 1139739
domain0 00000000,00000000,00000000,0000aa00,00000000 0 0 0 0 0 0 0 0 0 0 0 0 0 0 0 0 0 0 0 0 0 0 0 0 0 0 0 0 0 0 0 0 0 0 0 0
domain1 00000000,00000000,00000000,0000ff00,00000000 0 0 0 0 0 0 0 0 0 0 0 0 0 0 0 0 0 0 0 0 0 0 0 0 0 0 0 0 0 0 0 0 0 0 0 0
domain2 00000000,00000000,00000000,0000ffff,ffffffff 0 0 0 0 0 0 0 0 0 0 0 0 0 0 0 0 0 0 0 0 0 0 0 0 0 0 0 0 0 0 0 0 0 0 0 0
domain3 00000000,000000ff,ffffffff,ffffffff,ffffffff 0 0 0 0 0 0 0 0 0 0 0 0 0 0 0 0 0 0 0 0 0 0 0 0 0 0 0 0 0 0 0 0 0 0 0 0
cpu48 0 0 0 0 0 0 377787290732 27563649036 4354387
domain0 00000000,00000000,00000000,00550000,00000000 0 0 0 0 0 0 0 0 0 0 0 0 0 0 0 0 0 0 0 0 0 0 0 0 0 0 0 0 0 0 0 0 0 0 0 0
domain1 00000000,00000000,00000000,00ff0000,00000000 0 0 0 0 0 0 0 0 0 0 0 0 0 0 0 0 0 0 0 0 0 0 0 0 0 0 0 0 0 0 0 0 0 0 0 0
domain2 00000000,000000ff,ffffffff,ffff0000,00000000 0 0 0 0 0 0 0 0 0 0 0 0 0 0 0 0 0 0 0 0 0 0 0 0 0 0 0 0 0 0 0 0 0 0 0 0
domain3 00000000,000000ff,ffffffff,ffffffff,ffffffff 0 0 0 0 0 0 0 0 0 0 0 0 0 0 0 0 0 0 0 0 0 0 0 0 0 0 0 0 0 0 0 0 0 0 0 0
cpu49 0 0 0 0 0 0 359836106344 22227922720 2852667
domain0 00000000,00000000,00000000,00aa0000,00000000 0 0 0 0 0 0 0 0 0 0 0 0 0 0 0 0 0 0 0 0 0 0 0 0 0 0 0 0 0 0 0 0 0 0 0 0
domain1 00000000,00000000,00000000,00ff0000,00000000 0 0 0 0 0 0 0 0 0 0 0 0 0 0 0 0 0 0 0 0 0 0 0 0 0 0 0 0 0 0 0 0 0 0 0 0
domain2 00000000,000000ff,ffffffff,ffff0000,00000000 0 0 0 0 0 0 0 0 0 0 0 0 0 0 0 0 0 0 0 0 0 0 0 0 0 0 0 0 0 0 0 0 0 0 0 0
domain3 00000000,000000ff,ffffffff,ffffffff,ffffffff 0 0 0 0 0 0 0 0 0 0 0 0 0 0 0 0 0 0 0 0 0 0 0 0 0 0 0 0 0 0 0 0 0 0 0 0
cpu50 0 0 0 0 0 0 339312193960 17202175536 1931650
domain0 00000000,00000000,00000000,00550000,00000000 0 0 0 0 0 0 0 0 0 0 0 0 0 0 0 0 0 0 0 0 0 0 0 0 0 0 0 0 0 0 0 0 0 0 0 0
domain1 00000000,00000000,00000000,00ff0000,00000000 0 0 0 0 0 0 0 0 0 0 0 0 0 0 0 0 0 0 0 0 0 0 0 0 0 0 0 0 0 0 0 0 0 0 0 0
domain2 00000000,000000ff,ffffffff,ffff0000,00000000 0 0 0 0 0 0 0 0 0 0 0 0 0 0 0 0 0 0 0 0 0 0 0 0 0 0 0 0 0 0 0 0 0 0 0 0
domain3 00000000,000000ff,ffffffff,ffffffff,ffffffff 0 0 0 0 0 0 0 0 0 0 0 0 0 0 0 0 0 0 0 0 0 0 0 0 0 0 0 0 0 0 0 0 0 0 0 0
cpu51 0 0 0 0 0 0 332129182552 17109896534 1815425
domain0 00000000,00000000,00000000,00aa0000,00000000 0 0 0 0 0 0 0 0 0 0 0 0 0 0 0 0 0 0 0 0 0 0 0 0 0 0 0 0 0 0 0 0 0 0 0 0
domain1 00000000,00000000,00000000,00ff0000,00000000 0 0 0 0 0 0 0 0 0 0 0 0 0 0 0 0 0 0 0 0 0 0 0 0 0 0 0 0 0 0 0 0 0 0 0 0
domain2 00000000,000000ff,ffffffff,ffff0000,00000000 0 0 0 0 0 0 0 0 0 0 0 0 0 0 0 0 0 0 0 0 0 0 0 0 0 0 0 0 0 0 0 0 0 0 0 0
domain3 00000000,000000ff,ffffffff,ffffffff,ffffffff 0 0 0 0 0 0 0 0 0 0 0 0 0 0 0 0 0 0 0 0 0 0 0 0 0 0 0 0 0 0 0 0 0 0 0 0
cpu52 0 0 0 0 0 0 322358685286 16754955030 1390438
domain0 00000000,00000000,00000000,00550000,00000000 0 0 0 0 0 0 0 0 0 0 0 0 0 0 0 0 0 0 0 0 0 0 0 0 0 0 0 0 0 0 0 0 0 0 0 0
domain1 00000000,00000000,00000000,00ff0000,00000000 0 0 0 0 0 0 0 0 0 0 0 0 0 0 0 0 0 0 0 0 0 0 0 0 0 0 0 0 0 0 0 0 0 0 0 0
domain2 00000000,000000ff,ffffffff,ffff0000,00000000 0 0 0 0 0 0 0 0 0 0 0 0 0 0 0 0 0 0 0 0 0 0 0 0 0 0 0 0 0 0 0 0 0 0 0 0
domain3 00000000,000000ff,ffffffff,ffffffff,ffffffff 0 0 0 0 0 0 0 0 0 0 0 0 0 0 0 0 0 0 0 0 0 0 0 0 0 0 0 0 0 0 0 0 0 0 0 0
cpu53 0 0 0 0 0 0 321599469028 15555945656 1342924
domain0 00000000,00000000,00000000,00aa0000,00000000 0 0 0 0 0 0 0 0 0 0 0 0 0 0 0 0 0 0 0 0 0 0 0 0 0 0 0 0 0 0 0 0 0 0 0 0
domain1 00000000,00000000,00000000,00ff0000,00000000 0 0 0 0 0 0 0 0 0 0 0 0 0 0 0 0 0 0 0 0 0 0 0 0 0 0 0 0 0 0 0 0 0 0 0 0
domain2 00000000,000000ff,ffffffff,ffff0000,00000000 0 0 0 0 0 0 0 0 0 0 0 0 0 0 0 0 0 0 0 0 0 0 0 0 0 0 0 0 0 0 0 0 0 0 0 0
domain3 00000000,000000ff,ffffffff,ffffffff,ffffffff 0 0 0 0 0 0 0 0 0 0 0 0 0 0 0 0 0 0 0 0 0 0 0 0 0 0 0 0 0 0 0 0 0 0 0 0
cpu54 0 0 0 0 0 0 325746547986 15461899386 1217683
domain0 00000000,00000000,00000000,00550000,00000000 0 0 0 0 0 0 0 0 0 0 0 0 0 0 0 0 0 0 0 0 0 0 0 0 0 0 0 0 0 0 0 0 0 0 0 0
domain1 00000000,00000000,00000000,00ff0000,00000000 0 0 0 0 0 0 0 0 0 0 0 0 0 0 0 0 0 0 0 0 0 0 0 0 0 0 0 0 0 0 0 0 0 0 0 0
domain2 00000000,000000ff,ffffffff,ffff0000,00000000 0 0 0 0 0 0 0 0 0 0 0 0 0 0 0 0 0 0 0 0 0 0 0 0 0 0 0 0 0 0 0 0 0 0 0 0
domain3 00000000,000000ff,ffffffff,ffffffff,ffffffff 0 0 0 0 0 0 0 0 0 0 0 0 0 0 0 0 0 0 0 0 0 0 0 0 0 0 0 0 0 0 0 0 0 0 0 0
cpu55 0 0 0 0 0 0 340976985936 13957602224 1539202
domain0 00000000,00000000,00000000,00aa0000,00000000 0 0 0 0 0 0 0 0 0 0 0 0 0 0 0 0 0 0 0 0 0 0 0 0 0 0 0 0 0 0 0 0 0 0 0 0
domain1 00000000,00000000,00000000,00ff0000,00000000 0 0 0 0 0 0 0 0 0 0 0 0 0 0 0 0 0 0 0 0 0 0 0 0 0 0 0 0 0 0 0 0 0 0 0 0
domain2 00000000,000000ff,ffffffff,ffff0000,00000000 0 0 0 0 0 0 0 0 0 0 0 0 0 0 0 0 0 0 0 0 0 0 0 0 0 0 0 0 0 0 0 0 0 0 0 0
domain3 00000000,000000ff,ffffffff,ffffffff,ffffffff 0 0 0 0 0 0 0 0 0 0 0 0 0 0 0 0 0 0 0 0 0 0 0 0 0 0 0 0 0 0 0 0 0 0 0 0
cpu56 0 0 0 0 0 0 343054962690 23414535560 1373240
domain0 00000000,00000000,00000000,55000000,00000000 0 0 0 0 0 0 0 0 0 0 0 0 0 0 0 0 0 0 0 0 0 0 0 0 0 0 0 0 0 0 0 0 0 0 0 0
domain1 00000000,00000000,00000000,ff000000,00000000 0 0 0 0 0 0 0 0 0 0 0 0 0 0 0 0 0 0 0 0 0 0 0 0 0 0 0 0 0 0 0 0 0 0 0 0
domain2 00000000,000000ff,ffffffff,ffff0000,00000000 0 0 0 0 0 0 0 0 0 0 0 0 0 0 0 0 0 0 0 0 0 0 0 0 0 0 0 0 0 0 0 0 0 0 0 0
domain3 00000000,000000ff,ffffffff,ffffffff,ffffffff 0 0 0 0 0 0 0 0 0 0 0 0 0 0 0 0 0 0 0 0 0 0 0 0 0 0 0 0 0 0 0 0 0 0 0 0
cpu57 0 0 0 0 0 0 342792672446 19206730608 1510577
domain0 00000000,00000000,00000000,aa000000,00000000 0 0 0 0 0 0 0 0 0 0 0 0 0 0 0 0 0 0 0 0 0 0 0 0 0 0 0 0 0 0 0 0 0 0 0 0
domain1 00000000,00000000,00000000,ff000000,00000000 0 0 0 0 0 0 0 0 0 0 0 0 0 0 0 0 0 0 0 0 0 0 0 0 0 0 0 0 0 0 0 0 0 0 0 0
domain2 00000000,000000ff,ffffffff,ffff0000,00000000 0 0 0 0 0 0 0 0 0 0 0 0 0 0 0 0 0 0 0 0 0 0 0 0 0 0 0 0 0 0 0 0 0 0 0 0
domain3 00000000,000000ff,ffffffff,ffffffff,ffffffff 0 0 0 0 0 0 0 0 0 0 0 0 0 0 0 0 0 0 0 0 0 0 0 0 0 0 0 0 0 0 0 0 0 0 0 0
cpu58 0 0 0 0 0 0 323827196048 18137427174 1255912
domain0 00000000,00000000,00000000,55000000,00000000 0 0 0 0 0 0 0 0 0 0 0 0 0 0 0 0 0 0 0 0 0 0 0 0 0 0 0 0 0 0 0 0 0 0 0 0
domain1 00000000,00000000,00000000,ff000000,00000000 0 0 0 0 0 0 0 0 0 0 0 0 0 0 0 0 0 0 0 0 0 0 0 0 0 0 0 0 0 0 0 0 0 0 0 0
domain2 00000000,000000ff,ffffffff,ffff0000,00000000 0 0 0 0 0 0 0 0 0 0 0 0 0 0 0 0 0 0 0 0 0 0 0 0 0 0 0 0 0 0 0 0 0 0 0 0
domain3 00000000,000000ff,ffffffff,ffffffff,ffffffff 0 0 0 0 0 0 0 0 0 0 0 0 0 0 0 0 0 0 0 0 0 0 0 0 0 0 0 0 0 0 0 0 0 0 0 0
cpu59 0 0 0 0 0 0 320540382918 15298888746 1206667
domain0 00000000,00000000,00000000,aa000000,00000000 0 0 0 0 0 0 0 0 0 0 0 0 0 0 0 0 0 0 0 0 0 0 0 0 0 0 0 0 0 0 0 0 0 0 0 0
domain1 00000000,00000000,00000000,ff000000,00000000 0 0 0 0 0 0 0 0 0 0 0 0 0 0 0 0 0 0 0 0 0 0 0 0 0 0 0 0 0 0 0 0 0 0 0 0
domain2 00000000,000000ff,ffffffff,ffff0000,00000000 0 0 0 0 0 0 0 0 0 0 0 0 0 0 0 0 0 0 0 0 0 0 0 0 0 0 0 0 0 0 0 0 0 0 0 0
domain3 00000000,000000ff,ffffffff,ffffffff,ffffffff 0 0 0 0 0 0 0 0 0 0 0 0 0 0 0 0 0 0 0 0 0 0 0 0 0 0 0 0 0 0 0 0 0 0 0 0
cpu60 0 0 0 0 0 0 336666325036 14546175866 1543007
domain0 00000000,00000000,00000000,55000000,00000000 0 0 0 0 0 0 0 0 0 0 0 0 0 0 0 0 0 0 0 0 0 0 0 0 0 0 0 0 0 0 0 0 0 0 0 0
domain1 00000000,00000000,00000000,ff000000,00000000 0 0 0 0 0 0 0 0 0 0 0 0 0 0 0 0 0 0 0 0 0 0 0 0 0 0 0 0 0 0 0 0 0 0 0 0
domain2 00000000,000000ff,ffffffff,ffff0000,00000000 0 0 0 0 0 0 0 0 0 0 0 0 0 0 0 0 0 0 0 0 0 0 0 0 0 0 0 0 0 0 0 0 0 0 0 0
domain3 00000000,000000ff,ffffffff,ffffffff,ffffffff 0 0 0 0 0 0 0 0 0 0 0 0 0 0 0 0 0 0 0 0 0 0 0 0 0 0 0 0 0 0 0 0 0 0 0 0
cpu61 0 0 0 0 0 0 317215578294 16428371360 1166488
domain0 00000000,00000000,00000000,aa000000,00000000 0 0 0 0 0 0 0 0 0 0 0 0 0 0 0 0 0 0 0 0 0 0 0 0 0 0 0 0 0 0 0 0 0 0 0 0
domain1 00000000,00000000,00000000,ff000000,00000000 0 0 0 0 0 0 0 0 0 0 0 0 0 0 0 0 0 0 0 0 0 0 0 0 0 0 0 0 0 0 0 0 0 0 0 0
domain2 00000000,000000ff,ffffffff,ffff0000,00000000 0 0 0 0 0 0 0 0 0 0 0 0 0 0 0 0 0 0 0 0 0 0 0 0 0 0 0 0 0 0 0 0 0 0 0 0
domain3 00000000,000000ff,ffffffff,ffffffff,ffffffff 0 0 0 0 0 0 0 0 0 0 0 0 0 0 0 0 0 0 0 0 0 0 0 0 0 0 0 0 0 0 0 0 0 0 0 0
cpu62 0 0 0 0 0 0 317340161030 13175430948 1065796
domain0 00000000,00000000,00000000,55000000,00000000 0 0 0 0 0 0 0 0 0 0 0 0 0 0 0 0 0 0 0 0 0 0 0 0 0 0 0 0 0 0 0 0 0 0 0 0
domain1 00000000,00000000,00000000,ff000000,00000000 0 0 0 0 0 0 0 0 0 0 0 0 0 0 0 0 0 0 0 0 0 0 0 0 0 0 0 0 0 0 0 0 0 0 0 0
domain2 00000000,000000ff,ffffffff,ffff0000,00000000 0 0 0 0 0 0 0 0 0 0 0 0 0 0 0 0 0 0 0 0 0 0 0 0 0 0 0 0 0 0 0 0 0 0 0 0
domain3 00000000,000000ff,ffffffff,ffffffff,ffffffff 0 0 0 0 0 0 0 0 0 0 0 0 0 0 0 0 0 0 0 0 0 0 0 0 0 0 0 0 0 0 0 0 0 0 0 0
cpu63 0 0 0 0 0 0 318279132502 15921161208 1078427
domain0 00000000,00000000,00000000,aa000000,00000000 0 0 0 0 0 0 0 0 0 0 0 0 0 0 0 0 0 0 0 0 0 0 0 0 0 0 0 0 0 0 0 0 0 0 0 0
domain1 00000000,00000000,00000000,ff000000,00000000 0 0 0 0 0 0 0 0 0 0 0 0 0 0 0 0 0 0 0 0 0 0 0 0 0 0 0 0 0 0 0 0 0 0 0 0
domain2 00000000,000000ff,ffffffff,ffff0000,00000000 0 0 0 0 0 0 0 0 0 0 0 0 0 0 0 0 0 0 0 0 0 0 0 0 0 0 0 0 0 0 0 0 0 0 0 0
domain3 00000000,000000ff,ffffffff,ffffffff,ffffffff 0 0 0 0 0 0 0 0 0 0 0 0 0 0 0 0 0 0 0 0 0 0 0 0 0 0 0 0 0 0 0 0 0 0 0 0
cpu64 0 0 0 0 0 0 355698816172 24880078330 1432644
domain0 00000000,00000000,00000055,00000000,00000000 0 0 0 0 0 0 0 0 0 0 0 0 0 0 0 0 0 0 0 0 0 0 0 0 0 0 0 0 0 0 0 0 0 0 0 0
domain1 00000000,00000000,000000ff,00000000,00000000 0 0 0 0 0 0 0 0 0 0 0 0 0 0 0 0 0 0 0 0 0 0 0 0 0 0 0 0 0 0 0 0 0 0 0 0
domain2 00000000,000000ff,ffffffff,ffff0000,00000000 0 0 0 0 0 0 0 0 0 0 0 0 0 0 0 0 0 0 0 0 0 0 0 0 0 0 0 0 0 0 0 0 0 0 0 0
domain3 00000000,000000ff,ffffffff,ffffffff,ffffffff 0 0 0 0 0 0 0 0 0 0 0 0 0 0 0 0 0 0 0 0 0 0 0 0 0 0 0 0 0 0 0 0 0 0 0 0
cpu65 0 0 0 0 0 0 325855686322 24208313052 1085986
domain0 00000000,00000000,000000aa,00000000,00000000 0 0 0 0 0 0 0 0 0 0 0 0 0 0 0 0 0 0 0 0 0 0 0 0 0 0 0 0 0 0 0 0 0 0 0 0
domain1 00000000,00000000,000000ff,00000000,00000000 0 0 0 0 0 0 0 0 0 0 0 0 0 0 0 0 0 0 0 0 0 0 0 0 0 0 0 0 0 0 0 0 0 0 0 0
domain2 00000000,000000ff,ffffffff,ffff0000,00000000 0 0 0 0 0 0 0 0 0 0 0 0 0 0 0 0 0 0 0 0 0 0 0 0 0 0 0 0 0 0 0 0 0 0 0 0
domain3 00000000,000000ff,ffffffff,ffffffff,ffffffff 0 0 0 0 0 0 0 0 0 0 0 0 0 0 0 0 0 0 0 0 0 0 0 0 0 0 0 0 0 0 0 0 0 0 0 0
cpu66 0 0 0 0 0 0 323869263986 17964760988 1000571
domain0 00000000,00000000,00000055,00000000,00000000 0 0 0 0 0 0 0 0 0 0 0 0 0 0 0 0 0 0 0 0 0 0 0 0 0 0 0 0 0 0 0 0 0 0 0 0
domain1 00000000,00000000,000000ff,00000000,00000000 0 0 0 0 0 0 0 0 0 0 0 0 0 0 0 0 0 0 0 0 0 0 0 0 0 0 0 0 0 0 0 0 0 0 0 0
domain2 00000000,000000ff,ffffffff,ffff0000,00000000 0 0 0 0 0 0 0 0 0 0 0 0 0 0 0 0 0 0 0 0 0 0 0 0 0 0 0 0 0 0 0 0 0 0 0 0
domain3 00000000,000000ff,ffffffff,ffffffff,ffffffff 0 0 0 0 0 0 0 0 0 0 0 0 0 0 0 0 0 0 0 0 0 0 0 0 0 0 0 0 0 0 0 0 0 0 0 0
cpu67 0 0 0 0 0 0 334713335626 19067975300 1339537
domain0 00000000,00000000,000000aa,00000000,00000000 0 0 0 0 0 0 0 0 0 0 0 0 0 0 0 0 0 0 0 0 0 0 0 0 0 0 0 0 0 0 0 0 0 0 0 0
domain1 00000000,00000000,000000ff,00000000,00000000 0 0 0 0 0 0 0 0 0 0 0 0 0 0 0 0 0 0 0 0 0 0 0 0 0 0 0 0 0 0 0 0 0 0 0 0
domain2 00000000,000000ff,ffffffff,ffff0000,00000000 0 0 0 0 0 0 0 0 0 0 0 0 0 0 0 0 0 0 0 0 0 0 0 0 0 0 0 0 0 0 0 0 0 0 0 0
domain3 00000000,000000ff,ffffffff,ffffffff,ffffffff 0 0 0 0 0 0 0 0 0 0 0 0 0 0 0 0 0 0 0 0 0 0 0 0 0 0 0 0 0 0 0 0 0 0 0 0
cpu68 0 0 0 0 0 0 315764354170 17627462294 994706
domain0 00000000,00000000,00000055,00000000,00000000 0 0 0 0 0 0 0 0 0 0 0 0 0 0 0 0 0 0 0 0 0 0 0 0 0 0 0 0 0 0 0 0 0 0 0 0
domain1 00000000,00000000,000000ff,00000000,00000000 0 0 0 0 0 0 0 0 0 0 0 0 0 0 0 0 0 0 0 0 0 0 0 0 0 0 0 0 0 0 0 0 0 0 0 0
domain2 00000000,000000ff,ffffffff,ffff0000,00000000 0 0 0 0 0 0 0 0 0 0 0 0 0 0 0 0 0 0 0 0 0 0 0 0 0 0 0 0 0 0 0 0 0 0 0 0
domain3 00000000,000000ff,ffffffff,ffffffff,ffffffff 0 0 0 0 0 0 0 0 0 0 0 0 0 0 0 0 0 0 0 0 0 0 0 0 0 0 0 0 0 0 0 0 0 0 0 0
cpu69 0 0 0 0 0 0 316067340768 15405299746 983328
domain0 00000000,00000000,000000aa,00000000,00000000 0 0 0 0 0 0 0 0 0 0 0 0 0 0 0 0 0 0 0 0 0 0 0 0 0 0 0 0 0 0 0 0 0 0 0 0
domain1 00000000,00000000,000000ff,00000000,00000000 0 0 0 0 0 0 0 0 0 0 0 0 0 0 0 0 0 0 0 0 0 0 0 0 0 0 0 0 0 0 0 0 0 0 0 0
domain2 00000000,000000ff,ffffffff,ffff0000,00000000 0 0 0 0 0 0 0 0 0 0 0 0 0 0 0 0 0 0 0 0 0 0 0 0 0 0 0 0 0 0 0 0 0 0 0 0
domain3 00000000,000000ff,ffffffff,ffffffff,ffffffff 0 0 0 0 0 0 0 0 0 0 0 0 0 0 0 0 0 0 0 0 0 0 0 0 0 0 0 0 0 0 0 0 0 0 0 0
cpu70 0 0 0 0 0 0 319583155830 16240912706 992379
domain0 00000000,00000000,00000055,00000000,00000000 0 0 0 0 0 0 0 0 0 0 0 0 0 0 0 0 0 0 0 0 0 0 0 0 0 0 0 0 0 0 0 0 0 0 0 0
domain1 00000000,00000000,000000ff,00000000,00000000 0 0 0 0 0 0 0 0 0 0 0 0 0 0 0 0 0 0 0 0 0 0 0 0 0 0 0 0 0 0 0 0 0 0 0 0
domain2 00000000,000000ff,ffffffff,ffff0000,00000000 0 0 0 0 0 0 0 0 0 0 0 0 0 0 0 0 0 0 0 0 0 0 0 0 0 0 0 0 0 0 0 0 0 0 0 0
domain3 00000000,000000ff,ffffffff,ffffffff,ffffffff 0 0 0 0 0 0 0 0 0 0 0 0 0 0 0 0 0 0 0 0 0 0 0 0 0 0 0 0 0 0 0 0 0 0 0 0
cpu71 0 0 0 0 0 0 317690332004 13493884926 980820
domain0 00000000,00000000,000000aa,00000000,00000000 0 0 0 0 0 0 0 0 0 0 0 0 0 0 0 0 0 0 0 0 0 0 0 0 0 0 0 0 0 0 0 0 0 0 0 0
domain1 00000000,00000000,000000ff,00000000,00000000 0 0 0 0 0 0 0 0 0 0 0 0 0 0 0 0 0 0 0 0 0 0 0 0 0 0 0 0 0 0 0 0 0 0 0 0
domain2 00000000,000000ff,ffffffff,ffff0000,00000000 0 0 0 0 0 0 0 0 0 0 0 0 0 0 0 0 0 0 0 0 0 0 0 0 0 0 0 0 0 0 0 0 0 0 0 0
domain3 00000000,000000ff,ffffffff,ffffffff,ffffffff 0 0 0 0 0 0 0 0 0 0 0 0 0 0 0 0 0 0 0 0 0 0 0 0 0 0 0 0 0 0 0 0 0 0 0 0
cpu72 0 0 0 0 0 0 363403524992 24441458944 1340967
domain0 00000000,00000000,00005500,00000000,00000000 0 0 0 0 0 0 0 0 0 0 0 0 0 0 0 0 0 0 0 0 0 0 0 0 0 0 0 0 0 0 0 0 0 0 0 0
domain1 00000000,00000000,0000ff00,00000000,00000000 0 0 0 0 0 0 0 0 0 0 0 0 0 0 0 0 0 0 0 0 0 0 0 0 0 0 0 0 0 0 0 0 0 0 0 0
domain2 00000000,000000ff,ffffffff,ffff0000,00000000 0 0 0 0 0 0 0 0 0 0 0 0 0 0 0 0 0 0 0 0 0 0 0 0 0 0 0 0 0 0 0 0 0 0 0 0
domain3 00000000,000000ff,ffffffff,ffffffff,ffffffff 0 0 0 0 0 0 0 0 0 0 0 0 0 0 0 0 0 0 0 0 0 0 0 0 0 0 0 0 0 0 0 0 0 0 0 0
cpu73 0 0 0 0 0 0 341937771944 23906271166 1329983
domain0 00000000,00000000,0000aa00,00000000,00000000 0 0 0 0 0 0 0 0 0 0 0 0 0 0 0 0 0 0 0 0 0 0 0 0 0 0 0 0 0 0 0 0 0 0 0 0
domain1 00000000,00000000,0000ff00,00000000,00000000 0 0 0 0 0 0 0 0 0 0 0 0 0 0 0 0 0 0 0 0 0 0 0 0 0 0 0 0 0 0 0 0 0 0 0 0
domain2 00000000,000000ff,ffffffff,ffff0000,00000000 0 0 0 0 0 0 0 0 0 0 0 0 0 0 0 0 0 0 0 0 0 0 0 0 0 0 0 0 0 0 0 0 0 0 0 0
domain3 00000000,000000ff,ffffffff,ffffffff,ffffffff 0 0 0 0 0 0 0 0 0 0 0 0 0 0 0 0 0 0 0 0 0 0 0 0 0 0 0 0 0 0 0 0 0 0 0 0
cpu74 0 0 0 0 0 0 320927513238 17350280070 1022585
domain0 00000000,00000000,00005500,00000000,00000000 0 0 0 0 0 0 0 0 0 0 0 0 0 0 0 0 0 0 0 0 0 0 0 0 0 0 0 0 0 0 0 0 0 0 0 0
domain1 00000000,00000000,0000ff00,00000000,00000000 0 0 0 0 0 0 0 0 0 0 0 0 0 0 0 0 0 0 0 0 0 0 0 0 0 0 0 0 0 0 0 0 0 0 0 0
domain2 00000000,000000ff,ffffffff,ffff0000,00000000 0 0 0 0 0 0 0 0 0 0 0 0 0 0 0 0 0 0 0 0 0 0 0 0 0 0 0 0 0 0 0 0 0 0 0 0
domain3 00000000,000000ff,ffffffff,ffffffff,ffffffff 0 0 0 0 0 0 0 0 0 0 0 0 0 0 0 0 0 0 0 0 0 0 0 0 0 0 0 0 0 0 0 0 0 0 0 0
cpu75 0 0 0 0 0 0 323105946988 15161143700 1164158
domain0 00000000,00000000,0000aa00,00000000,00000000 0 0 0 0 0 0 0 0 0 0 0 0 0 0 0 0 0 0 0 0 0 0 0 0 0 0 0 0 0 0 0 0 0 0 0 0
domain1 00000000,00000000,0000ff00,00000000,00000000 0 0 0 0 0 0 0 0 0 0 0 0 0 0 0 0 0 0 0 0 0 0 0 0 0 0 0 0 0 0 0 0 0 0 0 0
domain2 00000000,000000ff,ffffffff,ffff0000,00000000 0 0 0 0 0 0 0 0 0 0 0 0 0 0 0 0 0 0 0 0 0 0 0 0 0 0 0 0 0 0 0 0 0 0 0 0
domain3 00000000,000000ff,ffffffff,ffffffff,ffffffff 0 0 0 0 0 0 0 0 0 0 0 0 0 0 0 0 0 0 0 0 0 0 0 0 0 0 0 0 0 0 0 0 0 0 0 0
cpu76 0 0 0 0 0 0 313467479982 16283412982 969670
domain0 00000000,00000000,00005500,00000000,00000000 0 0 0 0 0 0 0 0 0 0 0 0 0 0 0 0 0 0 0 0 0 0 0 0 0 0 0 0 0 0 0 0 0 0 0 0
domain1 00000000,00000000,0000ff00,00000000,00000000 0 0 0 0 0 0 0 0 0 0 0 0 0 0 0 0 0 0 0 0 0 0 0 0 0 0 0 0 0 0 0 0 0 0 0 0
domain2 00000000,000000ff,ffffffff,ffff0000,00000000 0 0 0 0 0 0 0 0 0 0 0 0 0 0 0 0 0 0 0 0 0 0 0 0 0 0 0 0 0 0 0 0 0 0 0 0
domain3 00000000,000000ff,ffffffff,ffffffff,ffffffff 0 0 0 0 0 0 0 0 0 0 0 0 0 0 0 0 0 0 0 0 0 0 0 0 0 0 0 0 0 0 0 0 0 0 0 0
cpu77 0 0 0 0 0 0 313874830778 19339771832 975993
domain0 00000000,00000000,0000aa00,00000000,00000000 0 0 0 0 0 0 0 0 0 0 0 0 0 0 0 0 0 0 0 0 0 0 0 0 0 0 0 0 0 0 0 0 0 0 0 0
domain1 00000000,00000000,0000ff00,00000000,00000000 0 0 0 0 0 0 0 0 0 0 0 0 0 0 0 0 0 0 0 0 0 0 0 0 0 0 0 0 0 0 0 0 0 0 0 0
domain2 00000000,000000ff,ffffffff,ffff0000,00000000 0 0 0 0 0 0 0 0 0 0 0 0 0 0 0 0 0 0 0 0 0 0 0 0 0 0 0 0 0 0 0 0 0 0 0 0
domain3 00000000,000000ff,ffffffff,ffffffff,ffffffff 0 0 0 0 0 0 0 0 0 0 0 0 0 0 0 0 0 0 0 0 0 0 0 0 0 0 0 0 0 0 0 0 0 0 0 0
cpu78 0 0 0 0 0 0 315566054082 15122059658 971958
domain0 00000000,00000000,00005500,00000000,00000000 0 0 0 0 0 0 0 0 0 0 0 0 0 0 0 0 0 0 0 0 0 0 0 0 0 0 0 0 0 0 0 0 0 0 0 0
domain1 00000000,00000000,0000ff00,00000000,00000000 0 0 0 0 0 0 0 0 0 0 0 0 0 0 0 0 0 0 0 0 0 0 0 0 0 0 0 0 0 0 0 0 0 0 0 0
domain2 00000000,000000ff,ffffffff,ffff0000,00000000 0 0 0 0 0 0 0 0 0 0 0 0 0 0 0 0 0 0 0 0 0 0 0 0 0 0 0 0 0 0 0 0 0 0 0 0
domain3 00000000,000000ff,ffffffff,ffffffff,ffffffff 0 0 0 0 0 0 0 0 0 0 0 0 0 0 0 0 0 0 0 0 0 0 0 0 0 0 0 0 0 0 0 0 0 0 0 0
cpu79 0 0 0 0 0 0 313204830984 16417302454 972142
domain0 00000000,00000000,0000aa00,00000000,00000000 0 0 0 0 0 0 0 0 0 0 0 0 0 0 0 0 0 0 0 0 0 0 0 0 0 0 0 0 0 0 0 0 0 0 0 0
domain1 00000000,00000000,0000ff00,00000000,00000000 0 0 0 0 0 0 0 0 0 0 0 0 0 0 0 0 0 0 0 0 0 0 0 0 0 0 0 0 0 0 0 0 0 0 0 0
domain2 00000000,000000ff,ffffffff,ffff0000,00000000 0 0 0 0 0 0 0 0 0 0 0 0 0 0 0 0 0 0 0 0 0 0 0 0 0 0 0 0 0 0 0 0 0 0 0 0
domain3 00000000,000000ff,ffffffff,ffffffff,ffffffff 0 0 0 0 0 0 0 0 0 0 0 0 0 0 0 0 0 0 0 0 0 0 0 0 0 0 0 0 0 0 0 0 0 0 0 0
cpu80 0 0 0 0 0 0 343733128402 22939980052 1214501
domain0 00000000,00000000,00550000,00000000,00000000 0 0 0 0 0 0 0 0 0 0 0 0 0 0 0 0 0 0 0 0 0 0 0 0 0 0 0 0 0 0 0 0 0 0 0 0
domain1 00000000,00000000,00ff0000,00000000,00000000 0 0 0 0 0 0 0 0 0 0 0 0 0 0 0 0 0 0 0 0 0 0 0 0 0 0 0 0 0 0 0 0 0 0 0 0
domain2 00000000,000000ff,ffffffff,ffff0000,00000000 0 0 0 0 0 0 0 0 0 0 0 0 0 0 0 0 0 0 0 0 0 0 0 0 0 0 0 0 0 0 0 0 0 0 0 0
domain3 00000000,000000ff,ffffffff,ffffffff,ffffffff 0 0 0 0 0 0 0 0 0 0 0 0 0 0 0 0 0 0 0 0 0 0 0 0 0 0 0 0 0 0 0 0 0 0 0 0
cpu81 0 0 0 0 0 0 336843122702 21492458624 1176091
domain0 00000000,00000000,00aa0000,00000000,00000000 0 0 0 0 0 0 0 0 0 0 0 0 0 0 0 0 0 0 0 0 0 0 0 0 0 0 0 0 0 0 0 0 0 0 0 0
domain1 00000000,00000000,00ff0000,00000000,00000000 0 0 0 0 0 0 0 0 0 0 0 0 0 0 0 0 0 0 0 0 0 0 0 0 0 0 0 0 0 0 0 0 0 0 0 0
domain2 00000000,000000ff,ffffffff,ffff0000,00000000 0 0 0 0 0 0 0 0 0 0 0 0 0 0 0 0 0 0 0 0 0 0 0 0 0 0 0 0 0 0 0 0 0 0 0 0
domain3 00000000,000000ff,ffffffff,ffffffff,ffffffff 0 0 0 0 0 0 0 0 0 0 0 0 0 0 0 0 0 0 0 0 0 0 0 0 0 0 0 0 0 0 0 0 0 0 0 0
cpu82 0 0 0 0 0 0 337645082288 19068964588 1210252
domain0 00000000,00000000,00550000,00000000,00000000 0 0 0 0 0 0 0 0 0 0 0 0 0 0 0 0 0 0 0 0 0 0 0 0 0 0 0 0 0 0 0 0 0 0 0 0
domain1 00000000,00000000,00ff0000,00000000,00000000 0 0 0 0 0 0 0 0 0 0 0 0 0 0 0 0 0 0 0 0 0 0 0 0 0 0 0 0 0 0 0 0 0 0 0 0
domain2 00000000,000000ff,ffffffff,ffff0000,00000000 0 0 0 0 0 0 0 0 0 0 0 0 0 0 0 0 0 0 0 0 0 0 0 0 0 0 0 0 0 0 0 0 0 0 0 0
domain3 00000000,000000ff,ffffffff,ffffffff,ffffffff 0 0 0 0 0 0 0 0 0 0 0 0 0 0 0 0 0 0 0 0 0 0 0 0 0 0 0 0 0 0 0 0 0 0 0 0
cpu83 0 0 0 0 0 0 333434577090 17112290640 1213333
domain0 00000000,00000000,00aa0000,00000000,00000000 0 0 0 0 0 0 0 0 0 0 0 0 0 0 0 0 0 0 0 0 0 0 0 0 0 0 0 0 0 0 0 0 0 0 0 0
domain1 00000000,00000000,00ff0000,00000000,00000000 0 0 0 0 0 0 0 0 0 0 0 0 0 0 0 0 0 0 0 0 0 0 0 0 0 0 0 0 0 0 0 0 0 0 0 0
domain2 00000000,000000ff,ffffffff,ffff0000,00000000 0 0 0 0 0 0 0 0 0 0 0 0 0 0 0 0 0 0 0 0 0 0 0 0 0 0 0 0 0 0 0 0 0 0 0 0
domain3 00000000,000000ff,ffffffff,ffffffff,ffffffff 0 0 0 0 0 0 0 0 0 0 0 0 0 0 0 0 0 0 0 0 0 0 0 0 0 0 0 0 0 0 0 0 0 0 0 0
cpu84 0 0 0 0 0 0 322195967052 17955108972 1070030
domain0 00000000,00000000,00550000,00000000,00000000 0 0 0 0 0 0 0 0 0 0 0 0 0 0 0 0 0 0 0 0 0 0 0 0 0 0 0 0 0 0 0 0 0 0 0 0
domain1 00000000,00000000,00ff0000,00000000,00000000 0 0 0 0 0 0 0 0 0 0 0 0 0 0 0 0 0 0 0 0 0 0 0 0 0 0 0 0 0 0 0 0 0 0 0 0
domain2 00000000,000000ff,ffffffff,ffff0000,00000000 0 0 0 0 0 0 0 0 0 0 0 0 0 0 0 0 0 0 0 0 0 0 0 0 0 0 0 0 0 0 0 0 0 0 0 0
domain3 00000000,000000ff,ffffffff,ffffffff,ffffffff 0 0 0 0 0 0 0 0 0 0 0 0 0 0 0 0 0 0 0 0 0 0 0 0 0 0 0 0 0 0 0 0 0 0 0 0
cpu85 0 0 0 0 0 0 317499501906 16689074660 1009173
domain0 00000000,00000000,00aa0000,00000000,00000000 0 0 0 0 0 0 0 0 0 0 0 0 0 0 0 0 0 0 0 0 0 0 0 0 0 0 0 0 0 0 0 0 0 0 0 0
domain1 00000000,00000000,00ff0000,00000000,00000000 0 0 0 0 0 0 0 0 0 0 0 0 0 0 0 0 0 0 0 0 0 0 0 0 0 0 0 0 0 0 0 0 0 0 0 0
domain2 00000000,000000ff,ffffffff,ffff0000,00000000 0 0 0 0 0 0 0 0 0 0 0 0 0 0 0 0 0 0 0 0 0 0 0 0 0 0 0 0 0 0 0 0 0 0 0 0
domain3 00000000,000000ff,ffffffff,ffffffff,ffffffff 0 0 0 0 0 0 0 0 0 0 0 0 0 0 0 0 0 0 0 0 0 0 0 0 0 0 0 0 0 0 0 0 0 0 0 0
cpu86 0 0 0 0 0 0 314860631752 15884469510 990389
domain0 00000000,00000000,00550000,00000000,00000000 0 0 0 0 0 0 0 0 0 0 0 0 0 0 0 0 0 0 0 0 0 0 0 0 0 0 0 0 0 0 0 0 0 0 0 0
domain1 00000000,00000000,00ff0000,00000000,00000000 0 0 0 0 0 0 0 0 0 0 0 0 0 0 0 0 0 0 0 0 0 0 0 0 0 0 0 0 0 0 0 0 0 0 0 0
domain2 00000000,000000ff,ffffffff,ffff0000,00000000 0 0 0 0 0 0 0 0 0 0 0 0 0 0 0 0 0 0 0 0 0 0 0 0 0 0 0 0 0 0 0 0 0 0 0 0
domain3 00000000,000000ff,ffffffff,ffffffff,ffffffff 0 0 0 0 0 0 0 0 0 0 0 0 0 0 0 0 0 0 0 0 0 0 0 0 0 0 0 0 0 0 0 0 0 0 0 0
cpu87 0 0 0 0 0 0 314557591822 16600794158 986331
domain0 00000000,00000000,00aa0000,00000000,00000000 0 0 0 0 0 0 0 0 0 0 0 0 0 0 0 0 0 0 0 0 0 0 0 0 0 0 0 0 0 0 0 0 0 0 0 0
domain1 00000000,00000000,00ff0000,00000000,00000000 0 0 0 0 0 0 0 0 0 0 0 0 0 0 0 0 0 0 0 0 0 0 0 0 0 0 0 0 0 0 0 0 0 0 0 0
domain2 00000000,000000ff,ffffffff,ffff0000,00000000 0 0 0 0 0 0 0 0 0 0 0 0 0 0 0 0 0 0 0 0 0 0 0 0 0 0 0 0 0 0 0 0 0 0 0 0
domain3 00000000,000000ff,ffffffff,ffffffff,ffffffff 0 0 0 0 0 0 0 0 0 0 0 0 0 0 0 0 0 0 0 0 0 0 0 0 0 0 0 0 0 0 0 0 0 0 0 0
cpu88 0 0 0 0 0 0 340008009184 24363925818 1308281
domain0 00000000,00000000,55000000,00000000,00000000 0 0 0 0 0 0 0 0 0 0 0 0 0 0 0 0 0 0 0 0 0 0 0 0 0 0 0 0 0 0 0 0 0 0 0 0
domain1 00000000,00000000,ff000000,00000000,00000000 0 0 0 0 0 0 0 0 0 0 0 0 0 0 0 0 0 0 0 0 0 0 0 0 0 0 0 0 0 0 0 0 0 0 0 0
domain2 00000000,000000ff,ffffffff,ffff0000,00000000 0 0 0 0 0 0 0 0 0 0 0 0 0 0 0 0 0 0 0 0 0 0 0 0 0 0 0 0 0 0 0 0 0 0 0 0
domain3 00000000,000000ff,ffffffff,ffffffff,ffffffff 0 0 0 0 0 0 0 0 0 0 0 0 0 0 0 0 0 0 0 0 0 0 0 0 0 0 0 0 0 0 0 0 0 0 0 0
cpu89 0 0 0 0 0 0 354086662544 21197797040 1324371
domain0 00000000,00000000,aa000000,00000000,00000000 0 0 0 0 0 0 0 0 0 0 0 0 0 0 0 0 0 0 0 0 0 0 0 0 0 0 0 0 0 0 0 0 0 0 0 0
domain1 00000000,00000000,ff000000,00000000,00000000 0 0 0 0 0 0 0 0 0 0 0 0 0 0 0 0 0 0 0 0 0 0 0 0 0 0 0 0 0 0 0 0 0 0 0 0
domain2 00000000,000000ff,ffffffff,ffff0000,00000000 0 0 0 0 0 0 0 0 0 0 0 0 0 0 0 0 0 0 0 0 0 0 0 0 0 0 0 0 0 0 0 0 0 0 0 0
domain3 00000000,000000ff,ffffffff,ffffffff,ffffffff 0 0 0 0 0 0 0 0 0 0 0 0 0 0 0 0 0 0 0 0 0 0 0 0 0 0 0 0 0 0 0 0 0 0 0 0
cpu90 0 0 0 0 0 0 316135967032 21587958420 1004025
domain0 00000000,00000000,55000000,00000000,00000000 0 0 0 0 0 0 0 0 0 0 0 0 0 0 0 0 0 0 0 0 0 0 0 0 0 0 0 0 0 0 0 0 0 0 0 0
domain1 00000000,00000000,ff000000,00000000,00000000 0 0 0 0 0 0 0 0 0 0 0 0 0 0 0 0 0 0 0 0 0 0 0 0 0 0 0 0 0 0 0 0 0 0 0 0
domain2 00000000,000000ff,ffffffff,ffff0000,00000000 0 0 0 0 0 0 0 0 0 0 0 0 0 0 0 0 0 0 0 0 0 0 0 0 0 0 0 0 0 0 0 0 0 0 0 0
domain3 00000000,000000ff,ffffffff,ffffffff,ffffffff 0 0 0 0 0 0 0 0 0 0 0 0 0 0 0 0 0 0 0 0 0 0 0 0 0 0 0 0 0 0 0 0 0 0 0 0
cpu91 0 0 0 0 0 0 320292779504 16989655552 1141315
domain0 00000000,00000000,aa000000,00000000,00000000 0 0 0 0 0 0 0 0 0 0 0 0 0 0 0 0 0 0 0 0 0 0 0 0 0 0 0 0 0 0 0 0 0 0 0 0
domain1 00000000,00000000,ff000000,00000000,00000000 0 0 0 0 0 0 0 0 0 0 0 0 0 0 0 0 0 0 0 0 0 0 0 0 0 0 0 0 0 0 0 0 0 0 0 0
domain2 00000000,000000ff,ffffffff,ffff0000,00000000 0 0 0 0 0 0 0 0 0 0 0 0 0 0 0 0 0 0 0 0 0 0 0 0 0 0 0 0 0 0 0 0 0 0 0 0
domain3 00000000,000000ff,ffffffff,ffffffff,ffffffff 0 0 0 0 0 0 0 0 0 0 0 0 0 0 0 0 0 0 0 0 0 0 0 0 0 0 0 0 0 0 0 0 0 0 0 0
cpu92 0 0 0 0 0 0 316412536942 16933385552 971708
domain0 00000000,00000000,55000000,00000000,00000000 0 0 0 0 0 0 0 0 0 0 0 0 0 0 0 0 0 0 0 0 0 0 0 0 0 0 0 0 0 0 0 0 0 0 0 0
domain1 00000000,00000000,ff000000,00000000,00000000 0 0 0 0 0 0 0 0 0 0 0 0 0 0 0 0 0 0 0 0 0 0 0 0 0 0 0 0 0 0 0 0 0 0 0 0
domain2 00000000,000000ff,ffffffff,ffff0000,00000000 0 0 0 0 0 0 0 0 0 0 0 0 0 0 0 0 0 0 0 0 0 0 0 0 0 0 0 0 0 0 0 0 0 0 0 0
domain3 00000000,000000ff,ffffffff,ffffffff,ffffffff 0 0 0 0 0 0 0 0 0 0 0 0 0 0 0 0 0 0 0 0 0 0 0 0 0 0 0 0 0 0 0 0 0 0 0 0
cpu93 0 0 0 0 0 0 314172108000 17771596202 977929
domain0 00000000,00000000,aa000000,00000000,00000000 0 0 0 0 0 0 0 0 0 0 0 0 0 0 0 0 0 0 0 0 0 0 0 0 0 0 0 0 0 0 0 0 0 0 0 0
domain1 00000000,00000000,ff000000,00000000,00000000 0 0 0 0 0 0 0 0 0 0 0 0 0 0 0 0 0 0 0 0 0 0 0 0 0 0 0 0 0 0 0 0 0 0 0 0
domain2 00000000,000000ff,ffffffff,ffff0000,00000000 0 0 0 0 0 0 0 0 0 0 0 0 0 0 0 0 0 0 0 0 0 0 0 0 0 0 0 0 0 0 0 0 0 0 0 0
domain3 00000000,000000ff,ffffffff,ffffffff,ffffffff 0 0 0 0 0 0 0 0 0 0 0 0 0 0 0 0 0 0 0 0 0 0 0 0 0 0 0 0 0 0 0 0 0 0 0 0
cpu94 0 0 0 0 0 0 316995018670 16191720998 978776
domain0 00000000,00000000,55000000,00000000,00000000 0 0 0 0 0 0 0 0 0 0 0 0 0 0 0 0 0 0 0 0 0 0 0 0 0 0 0 0 0 0 0 0 0 0 0 0
domain1 00000000,00000000,ff000000,00000000,00000000 0 0 0 0 0 0 0 0 0 0 0 0 0 0 0 0 0 0 0 0 0 0 0 0 0 0 0 0 0 0 0 0 0 0 0 0
domain2 00000000,000000ff,ffffffff,ffff0000,00000000 0 0 0 0 0 0 0 0 0 0 0 0 0 0 0 0 0 0 0 0 0 0 0 0 0 0 0 0 0 0 0 0 0 0 0 0
domain3 00000000,000000ff,ffffffff,ffffffff,ffffffff 0 0 0 0 0 0 0 0 0 0 0 0 0 0 0 0 0 0 0 0 0 0 0 0 0 0 0 0 0 0 0 0 0 0 0 0
cpu95 0 0 0 0 0 0 313414215554 14070621408 972119
domain0 00000000,00000000,aa000000,00000000,00000000 0 0 0 0 0 0 0 0 0 0 0 0 0 0 0 0 0 0 0 0 0 0 0 0 0 0 0 0 0 0 0 0 0 0 0 0
domain1 00000000,00000000,ff000000,00000000,00000000 0 0 0 0 0 0 0 0 0 0 0 0 0 0 0 0 0 0 0 0 0 0 0 0 0 0 0 0 0 0 0 0 0 0 0 0
domain2 00000000,000000ff,ffffffff,ffff0000,00000000 0 0 0 0 0 0 0 0 0 0 0 0 0 0 0 0 0 0 0 0 0 0 0 0 0 0 0 0 0 0 0 0 0 0 0 0
domain3 00000000,000000ff,ffffffff,ffffffff,ffffffff 0 0 0 0 0 0 0 0 0 0 0 0 0 0 0 0 0 0 0 0 0 0 0 0 0 0 0 0 0 0 0 0 0 0 0 0
cpu96 0 0 0 0 0 0 395271602700 24238683732 6769955
domain0 00000000,00000055,00000000,00000000,00000000 0 0 0 0 0 0 0 0 0 0 0 0 0 0 0 0 0 0 0 0 0 0 0 0 0 0 0 0 0 0 0 0 0 0 0 0
domain1 00000000,000000ff,00000000,00000000,00000000 0 0 0 0 0 0 0 0 0 0 0 0 0 0 0 0 0 0 0 0 0 0 0 0 0 0 0 0 0 0 0 0 0 0 0 0
domain2 00000000,000000ff,ffffffff,ffff0000,00000000 0 0 0 0 0 0 0 0 0 0 0 0 0 0 0 0 0 0 0 0 0 0 0 0 0 0 0 0 0 0 0 0 0 0 0 0
domain3 00000000,000000ff,ffffffff,ffffffff,ffffffff 0 0 0 0 0 0 0 0 0 0 0 0 0 0 0 0 0 0 0 0 0 0 0 0 0 0 0 0 0 0 0 0 0 0 0 0
cpu97 0 0 0 0 0 0 345186620430 25128957522 1398715
domain0 00000000,000000aa,00000000,00000000,00000000 0 0 0 0 0 0 0 0 0 0 0 0 0 0 0 0 0 0 0 0 0 0 0 0 0 0 0 0 0 0 0 0 0 0 0 0
domain1 00000000,000000ff,00000000,00000000,00000000 0 0 0 0 0 0 0 0 0 0 0 0 0 0 0 0 0 0 0 0 0 0 0 0 0 0 0 0 0 0 0 0 0 0 0 0
domain2 00000000,000000ff,ffffffff,ffff0000,00000000 0 0 0 0 0 0 0 0 0 0 0 0 0 0 0 0 0 0 0 0 0 0 0 0 0 0 0 0 0 0 0 0 0 0 0 0
domain3 00000000,000000ff,ffffffff,ffffffff,ffffffff 0 0 0 0 0 0 0 0 0 0 0 0 0 0 0 0 0 0 0 0 0 0 0 0 0 0 0 0 0 0 0 0 0 0 0 0
cpu98 0 0 0 0 0 0 401168697560 22618899988 9773456
domain0 00000000,00000055,00000000,00000000,00000000 0 0 0 0 0 0 0 0 0 0 0 0 0 0 0 0 0 0 0 0 0 0 0 0 0 0 0 0 0 0 0 0 0 0 0 0
domain1 00000000,000000ff,00000000,00000000,00000000 0 0 0 0 0 0 0 0 0 0 0 0 0 0 0 0 0 0 0 0 0 0 0 0 0 0 0 0 0 0 0 0 0 0 0 0
domain2 00000000,000000ff,ffffffff,ffff0000,00000000 0 0 0 0 0 0 0 0 0 0 0 0 0 0 0 0 0 0 0 0 0 0 0 0 0 0 0 0 0 0 0 0 0 0 0 0
domain3 00000000,000000ff,ffffffff,ffffffff,ffffffff 0 0 0 0 0 0 0 0 0 0 0 0 0 0 0 0 0 0 0 0 0 0 0 0 0 0 0 0 0 0 0 0 0 0 0 0
cpu99 0 0 0 0 0 0 330778162618 17690761868 2170565
domain0 00000000,000000aa,00000000,00000000,00000000 0 0 0 0 0 0 0 0 0 0 0 0 0 0 0 0 0 0 0 0 0 0 0 0 0 0 0 0 0 0 0 0 0 0 0 0
domain1 00000000,000000ff,00000000,00000000,00000000 0 0 0 0 0 0 0 0 0 0 0 0 0 0 0 0 0 0 0 0 0 0 0 0 0 0 0 0 0 0 0 0 0 0 0 0
domain2 00000000,000000ff,ffffffff,ffff0000,00000000 0 0 0 0 0 0 0 0 0 0 0 0 0 0 0 0 0 0 0 0 0 0 0 0 0 0 0 0 0 0 0 0 0 0 0 0
domain3 00000000,000000ff,ffffffff,ffffffff,ffffffff 0 0 0 0 0 0 0 0 0 0 0 0 0 0 0 0 0 0 0 0 0 0 0 0 0 0 0 0 0 0 0 0 0 0 0 0
cpu100 0 0 0 0 0 0 384517039266 19925619804 8618443
domain0 00000000,00000055,00000000,00000000,00000000 0 0 0 0 0 0 0 0 0 0 0 0 0 0 0 0 0 0 0 0 0 0 0 0 0 0 0 0 0 0 0 0 0 0 0 0
domain1 00000000,000000ff,00000000,00000000,00000000 0 0 0 0 0 0 0 0 0 0 0 0 0 0 0 0 0 0 0 0 0 0 0 0 0 0 0 0 0 0 0 0 0 0 0 0
domain2 00000000,000000ff,ffffffff,ffff0000,00000000 0 0 0 0 0 0 0 0 0 0 0 0 0 0 0 0 0 0 0 0 0 0 0 0 0 0 0 0 0 0 0 0 0 0 0 0
domain3 00000000,000000ff,ffffffff,ffffffff,ffffffff 0 0 0 0 0 0 0 0 0 0 0 0 0 0 0 0 0 0 0 0 0 0 0 0 0 0 0 0 0 0 0 0 0 0 0 0
cpu101 0 0 0 0 0 0 315322465048 16786675826 1035332
domain0 00000000,000000aa,00000000,00000000,00000000 0 0 0 0 0 0 0 0 0 0 0 0 0 0 0 0 0 0 0 0 0 0 0 0 0 0 0 0 0 0 0 0 0 0 0 0
domain1 00000000,000000ff,00000000,00000000,00000000 0 0 0 0 0 0 0 0 0 0 0 0 0 0 0 0 0 0 0 0 0 0 0 0 0 0 0 0 0 0 0 0 0 0 0 0
domain2 00000000,000000ff,ffffffff,ffff0000,00000000 0 0 0 0 0 0 0 0 0 0 0 0 0 0 0 0 0 0 0 0 0 0 0 0 0 0 0 0 0 0 0 0 0 0 0 0
domain3 00000000,000000ff,ffffffff,ffffffff,ffffffff 0 0 0 0 0 0 0 0 0 0 0 0 0 0 0 0 0 0 0 0 0 0 0 0 0 0 0 0 0 0 0 0 0 0 0 0
cpu102 0 0 0 0 0 0 316570095914 17276173700 972956
domain0 00000000,00000055,00000000,00000000,00000000 0 0 0 0 0 0 0 0 0 0 0 0 0 0 0 0 0 0 0 0 0 0 0 0 0 0 0 0 0 0 0 0 0 0 0 0
domain1 00000000,000000ff,00000000,00000000,00000000 0 0 0 0 0 0 0 0 0 0 0 0 0 0 0 0 0 0 0 0 0 0 0 0 0 0 0 0 0 0 0 0 0 0 0 0
domain2 00000000,000000ff,ffffffff,ffff0000,00000000 0 0 0 0 0 0 0 0 0 0 0 0 0 0 0 0 0 0 0 0 0 0 0 0 0 0 0 0 0 0 0 0 0 0 0 0
domain3 00000000,000000ff,ffffffff,ffffffff,ffffffff 0 0 0 0 0 0 0 0 0 0 0 0 0 0 0 0 0 0 0 0 0 0 0 0 0 0 0 0 0 0 0 0 0 0 0 0
cpu103 0 0 0 0 0 0 482489981746 21563403848 19015890
domain0 00000000,000000aa,00000000,00000000,00000000 0 0 0 0 0 0 0 0 0 0 0 0 0 0 0 0 0 0 0 0 0 0 0 0 0 0 0 0 0 0 0 0 0 0 0 0
domain1 00000000,000000ff,00000000,00000000,00000000 0 0 0 0 0 0 0 0 0 0 0 0 0 0 0 0 0 0 0 0 0 0 0 0 0 0 0 0 0 0 0 0 0 0 0 0
domain2 00000000,000000ff,ffffffff,ffff0000,00000000 0 0 0 0 0 0 0 0 0 0 0 0 0 0 0 0 0 0 0 0 0 0 0 0 0 0 0 0 0 0 0 0 0 0 0 0
domain3 00000000,000000ff,ffffffff,ffffffff,ffffffff 0 0 0 0 0 0 0 0 0 0 0 0 0 0 0 0 0 0 0 0 0 0 0 0 0 0 0 0 0 0 0 0 0 0 0 0
